191 258 39.83716857408418
25 258 32.0
25 268 29.782545223670862
305 316 29.025850547399983
25 260 29.008619408720573
246 258 28.861739379323623
79 268 28.827070610799147
258 268 28.42534080710379
85 103 28.186876378910807
103 268 26.888659319497503
191 246 25.826343140289914
25 191 25.337718918639855
25 141 24.9899979991996
25 234 22.594247055390007
51 258 22.034064536530703
141 268 21.552262062252307
79 103 21.142374511865974
141 258 20.844663585675832
25 79 20.457272545478784
25 103 20.29778313018444
103 258 20.285462775100793
258 265 19.887181801351343
85 268 19.72308292331602
208 268 19.248376554920156
79 258 19.183326093250876
195 258 19.1049731745428
208 258 19.013153341831543
141 260 18.841443681416774
191 268 18.3166590840142
30 346 18.261982367749674
25 265 18.2208671582886
191 265 17.74823934929885
9 268 17.705931209625774
191 288 17.53567791675018
260 268 17.53567791675018
34 191 17.449928366615147
9 258 17.24818831066034
25 51 17.204650534085253
258 288 17.161002301730512
25 273 16.98528775146303
25 134 16.97056274847714
103 191 16.76305461424021
51 268 16.61324772583615
175 258 16.61324772583615
25 208 16.55294535724685
51 141 16.446884203398525
194 208 16.232683080747925
73 191 16.217274740226856
34 258 16.15549442140351
246 288 16.046806535881213
258 316 15.827191791344413
260 273 15.732132722552274
79 85 15.700318468107582
134 260 15.700318468107582
9 208 15.700318468107582
226 287 15.684387141358123
258 260 15.668439615992398
234 268 15.620499351813308
130 258 15.540270267920054
103 253 15.491933384829668
234 260 15.459624833740307
51 195 15.443445211480501
79 208 15.346009253222807
51 191 15.231546211727817
265 268 15.231546211727817
268 279 15.016657417681207
34 246 14.89966442575134
79 141 14.7648230602334
141 208 14.7648230602334
264 268 14.696938456699069
79 265 14.64581851587681
25 130 14.474114826130128
266 268 14.474114826130128
122 305 14.370107863199914
103 208 14.33527118683145
109 268 14.300349646075091
130 234 14.089002803605371
258 305 13.892443989449804
234 258 13.874436925511608
141 191 13.874436925511608
141 312 13.856406460551018
25 195 13.784048752090222
25 246 13.674794331177344
134 273 13.619838471876236
25 85 13.509256086106296
195 268 13.509256086106296
9 25 13.47219358530748
244 268 13.45362404707371
79 191 13.2664991614216
103 265 13.171939872319491
34 288 13.095800853708795
226 258 13.076696830622021
141 195 13.038404810405298
51 208 12.90348790056394
122 316 12.884098726725126
58 85 12.864680330268607
79 260 12.727922061357855
191 208 12.609520212918492
103 141 12.409673645990857
141 151 12.389511693363866
25 108 12.267844146385297
85 253 12.24744871391589
109 346 12.206555615733702
141 199 12.144957801491119
9 103 12.144957801491119
103 264 12.144957801491119
79 264 12.103718436910205
191 195 12.062338081814818
73 258 12.062338081814818
258 287 12.020815280171307
223 268 11.958260743101398
195 208 11.895377253370318
191 260 11.874342087037917
64 208 11.853269591129697
144 234 11.811011811017716
109 258 11.789826122551595
175 191 11.726039399558575
258 264 11.726039399558575
25 316 11.704699910719626
51 103 11.661903789690601
141 214 11.661903789690601
80 141 11.61895003862225
208 316 11.554220008291344
141 316 11.554220008291344
103 260 11.554220008291344
234 273 11.532562594670797
9 79 11.532562594670797
106 191 11.489125293076057
64 268 11.445523142259598
51 79 11.357816691600547
2 226 11.313708498984761
51 246 11.247221879201993
258 266 11.247221879201993
58 103 11.180339887498949
9 141 11.135528725660043
25 144 11.135528725660043
144 268 11.135528725660043
30 109 11.045361017187261
268 316 10.977249200050075
25 64 10.793516572461451
9 191 10.700467279516348
25 109 10.653637876331258
64 258 10.653637876331258
20 255 10.653637876331258
51 316 10.606601717798213
7 85 10.606601717798213
2 287 10.583005244258363
175 246 10.559356040971437
109 234 10.535653752852738
9 64 10.535653752852738
230 268 10.51189802081432
239 305 10.464224768228174
70 208 10.392304845413264
134 234 10.295630140987
73 106 10.295630140987
239 316 10.27131929208707
122 163 10.27131929208707
91 321 10.246950765959598
25 312 10.222524150130436
25 264 10.14889156509222
7 103 10.14889156509222
85 258 10.124228365658293
46 208 10.074720839804943
50 305 9.974968671630002
108 258 9.9498743710662
9 109 9.9498743710662
208 305 9.899494936611665
141 285 9.899494936611665
260 265 9.874208829065749
191 234 9.797958971132712
51 260 9.746794344808963
130 191 9.72111104761179
25 244 9.695359714832659
141 265 9.669539802906858
141 206 9.591663046625438
85 202 9.513148795220223
9 194 9.513148795220223
103 266 9.513148795220223
214 260 9.513148795220223
9 51 9.486832980505138
64 141 9.486832980505138
103 234 9.460443964212251
195 259 9.433981132056603
46 194 9.40744386111339
155 268 9.40744386111339
208 260 9.38083151964686
246 268 9.354143466934854
20 316 9.354143466934854
246 265 9.300537618869138
199 260 9.300537618869138
151 199 9.300537618869138
25 305 9.273618495495704
62 184 9.273618495495704
50 316 9.246621004453464
208 264 9.246621004453464
195 316 9.246621004453464
268 312 9.219544457292887
25 214 9.16515138991168
108 141 9.137833441248533
52 258 9.137833441248533
117 316 9.1104335791443
195 246 9.055385138137417
51 264 9.0
117 305 9.0
79 234 8.972179222463181
50 393 8.972179222463181
108 268 8.94427190999916
163 305 8.94427190999916
103 195 8.916277250063503
51 312 8.888194417315589
103 202 8.888194417315589
85 260 8.888194417315589
85 208 8.831760866327848
106 258 8.774964387392123
103 246 8.774964387392123
9 266 8.774964387392123
9 195 8.74642784226795
79 266 8.689073598491383
2 258 8.660254037844387
22 122 8.660254037844387
191 316 8.631338250816034
151 260 8.631338250816034
25 199 8.631338250816034
141 234 8.631338250816034
163 316 8.573214099741124
25 56 8.573214099741124
258 312 8.573214099741124
90 305 8.54400374531753
103 194 8.514693182963201
25 73 8.455767262643882
79 279 8.455767262643882
90 258 8.455767262643882
255 379 8.455767262643882
90 316 8.455767262643882
108 123 8.426149773176359
20 379 8.396427811873332
109 130 8.396427811873332
62 207 8.336666000266533
268 305 8.336666000266533
85 264 8.306623862918075
260 285 8.306623862918075
96 305 8.306623862918075
79 195 8.246211251235321
208 246 8.246211251235321
289 312 8.215838362577491
25 70 8.215838362577491
101 141 8.215838362577491
22 305 8.215838362577491
74 141 8.18535277187245
25 34 8.18535277187245
300 346 8.154753215150045
25 151 8.12403840463596
73 246 8.12403840463596
204 255 8.093207028119323
151 206 8.06225774829855
6 321 8.031189202104505
79 108 8.031189202104505
108 260 8.0
25 123 8.0
70 194 8.0
22 163 7.937253933193772
122 385 7.937253933193772
103 109 7.937253933193772
194 258 7.905694150420948
108 265 7.905694150420948
103 318 7.905694150420948
30 300 7.905694150420948
118 346 7.874007874011811
61 244 7.874007874011811
208 312 7.874007874011811
9 234 7.842193570679061
141 264 7.842193570679061
184 207 7.842193570679061
91 258 7.810249675906654
80 312 7.810249675906654
96 316 7.810249675906654
79 123 7.7781745930520225
79 109 7.7781745930520225
85 265 7.745966692414834
56 260 7.745966692414834
70 191 7.745966692414834
85 266 7.745966692414834
70 258 7.713624310270756
34 73 7.713624310270756
25 106 7.713624310270756
109 244 7.681145747868608
194 316 7.681145747868608
221 268 7.648529270389178
25 74 7.648529270389178
141 246 7.648529270389178
144 260 7.615773105863909
101 199 7.615773105863909
260 312 7.582875444051551
79 223 7.582875444051551
234 244 7.582875444051551
213 268 7.582875444051551
162 338 7.54983443527075
130 144 7.54983443527075
109 236 7.54983443527075
109 144 7.54983443527075
123 268 7.516648189186454
123 141 7.516648189186454
20 305 7.483314773547883
51 305 7.483314773547883
50 258 7.483314773547883
46 305 7.483314773547883
162 166 7.483314773547883
64 103 7.44983221287567
20 141 7.44983221287567
194 305 7.416198487095663
151 214 7.416198487095663
22 316 7.416198487095663
56 273 7.416198487095663
65 108 7.3824115301167
64 260 7.3824115301167
49 268 7.3824115301167
255 316 7.3484692283495345
25 161 7.3484692283495345
9 260 7.3484692283495345
20 204 7.3484692283495345
191 264 7.314369419163897
163 385 7.314369419163897
25 367 7.314369419163897
155 258 7.314369419163897
305 385 7.314369419163897
134 258 7.280109889280518
25 194 7.280109889280518
25 80 7.280109889280518
85 141 7.280109889280518
181 244 7.280109889280518
25 285 7.245688373094719
63 251 7.245688373094719
6 91 7.245688373094719
234 265 7.245688373094719
51 265 7.211102550927978
34 265 7.211102550927978
9 246 7.211102550927978
47 316 7.211102550927978
130 268 7.211102550927978
255 305 7.176350047203662
46 316 7.176350047203662
103 155 7.176350047203662
25 288 7.176350047203662
253 268 7.176350047203662
79 144 7.176350047203662
130 265 7.176350047203662
214 285 7.14142842854285
62 255 7.14142842854285
106 321 7.14142842854285
108 314 7.14142842854285
141 305 7.106335201775948
47 305 7.106335201775948
156 208 7.106335201775948
25 52 7.106335201775948
91 191 7.106335201775948
134 268 7.106335201775948
51 259 7.106335201775948
130 260 7.106335201775948
54 191 7.0710678118654755
56 234 7.0710678118654755
214 268 7.0710678118654755
194 253 7.035623639735144
195 305 7.035623639735144
20 62 7.0
199 214 7.0
20 47 7.0
30 118 7.0
101 151 7.0
199 206 6.96419413859206
208 338 6.96419413859206
64 234 6.96419413859206
25 155 6.96419413859206
9 316 6.928203230275509
191 305 6.928203230275509
195 260 6.928203230275509
9 265 6.892024376045111
103 316 6.892024376045111
20 258 6.892024376045111
25 279 6.892024376045111
57 268 6.892024376045111
47 350 6.892024376045111
64 195 6.892024376045111
22 385 6.855654600401044
191 194 6.855654600401044
101 260 6.855654600401044
50 122 6.855654600401044
80 214 6.819090848492928
103 244 6.782329983125268
316 385 6.782329983125268
258 259 6.782329983125268
233 338 6.782329983125268
208 265 6.782329983125268
20 51 6.782329983125268
199 268 6.745368781616021
259 268 6.745368781616021
80 260 6.708203932499369
90 255 6.708203932499369
156 210 6.708203932499369
204 379 6.708203932499369
96 239 6.708203932499369
195 264 6.708203932499369
21 208 6.670832032063167
25 266 6.6332495807108
25 40 6.6332495807108
54 258 6.6332495807108
108 191 6.6332495807108
25 206 6.59545297913646
85 155 6.59545297913646
268 273 6.59545297913646
34 54 6.59545297913646
51 85 6.557438524302
226 267 6.557438524302
208 317 6.557438524302
61 268 6.557438524302
223 258 6.557438524302
47 90 6.519202405202649
268 318 6.519202405202649
85 318 6.519202405202649
194 268 6.519202405202649
235 316 6.519202405202649
6 106 6.519202405202649
48 268 6.519202405202649
20 90 6.48074069840786
151 285 6.442049363362563
17 346 6.442049363362563
235 305 6.442049363362563
91 106 6.4031242374328485
64 79 6.4031242374328485
181 268 6.4031242374328485
47 255 6.4031242374328485
267 287 6.363961030678928
312 316 6.363961030678928
258 273 6.363961030678928
64 194 6.363961030678928
7 253 6.363961030678928
141 355 6.324555320336759
79 246 6.324555320336759
9 264 6.284902544988268
190 268 6.284902544988268
89 244 6.284902544988268
7 58 6.284902544988268
155 195 6.284902544988268
199 285 6.284902544988268
80 268 6.244997998398398
58 202 6.244997998398398
3 130 6.244997998398398
74 258 6.244997998398398
25 91 6.244997998398398
91 195 6.244997998398398
103 223 6.244997998398398
123 260 6.244997998398398
108 214 6.2048368229954285
134 191 6.2048368229954285
9 85 6.2048368229954285
76 258 6.2048368229954285
79 316 6.2048368229954285
25 50 6.2048368229954285
79 312 6.2048368229954285
317 338 6.2048368229954285
108 218 6.2048368229954285
190 318 6.2048368229954285
40 195 6.164414002968976
17 30 6.164414002968976
258 346 6.164414002968976
73 288 6.123724356957945
85 191 6.123724356957945
109 300 6.123724356957945
141 289 6.123724356957945
232 244 6.082762530298219
223 279 6.082762530298219
316 379 6.041522986797286
109 191 6.041522986797286
58 268 6.041522986797286
20 184 6.041522986797286
7 202 6.041522986797286
48 266 6.041522986797286
34 103 6.0
25 27 6.0
119 208 6.0
85 189 6.0
47 379 6.0
61 109 6.0
305 368 6.0
9 279 5.958187643906492
74 260 5.958187643906492
70 268 5.958187643906492
25 314 5.958187643906492
268 285 5.916079783099616
244 258 5.916079783099616
109 125 5.916079783099616
208 210 5.916079783099616
81 258 5.916079783099616
3 234 5.916079783099616
206 284 5.873670062235365
103 144 5.873670062235365
146 255 5.873670062235365
123 314 5.873670062235365
7 268 5.873670062235365
141 284 5.873670062235365
103 190 5.873670062235365
47 258 5.873670062235365
155 354 5.873670062235365
255 258 5.873670062235365
25 83 5.830951894845301
65 123 5.830951894845301
122 258 5.830951894845301
264 316 5.830951894845301
236 268 5.830951894845301
265 288 5.830951894845301
144 258 5.787918451395113
305 379 5.787918451395113
80 151 5.787918451395113
206 260 5.787918451395113
37 111 5.787918451395113
184 255 5.787918451395113
56 134 5.787918451395113
234 307 5.787918451395113
25 101 5.787918451395113
272 312 5.744562646538029
141 354 5.744562646538029
268 332 5.744562646538029
232 268 5.744562646538029
51 80 5.744562646538029
101 214 5.744562646538029
88 141 5.70087712549569
268 343 5.70087712549569
51 91 5.70087712549569
62 379 5.70087712549569
202 268 5.70087712549569
51 64 5.70087712549569
25 65 5.70087712549569
74 268 5.70087712549569
130 246 5.656854249492381
50 208 5.656854249492381
25 282 5.656854249492381
141 296 5.656854249492381
161 260 5.656854249492381
73 265 5.656854249492381
51 234 5.656854249492381
64 109 5.612486080160912
141 160 5.612486080160912
79 230 5.612486080160912
316 368 5.612486080160912
25 259 5.612486080160912
208 266 5.612486080160912
103 189 5.5677643628300215
61 89 5.5677643628300215
20 254 5.5677643628300215
20 146 5.5677643628300215
214 314 5.5677643628300215
64 191 5.5677643628300215
25 67 5.5677643628300215
258 367 5.5677643628300215
40 172 5.5677643628300215
48 103 5.522680508593631
132 191 5.522680508593631
91 268 5.522680508593631
141 194 5.522680508593631
79 214 5.522680508593631
25 289 5.522680508593631
264 265 5.522680508593631
195 265 5.522680508593631
305 393 5.522680508593631
40 258 5.477225575051661
118 300 5.477225575051661
166 338 5.477225575051661
194 195 5.477225575051661
80 258 5.477225575051661
109 141 5.477225575051661
22 319 5.477225575051661
146 204 5.477225575051661
25 307 5.431390245600108
254 255 5.431390245600108
191 273 5.431390245600108
40 141 5.431390245600108
141 266 5.431390245600108
25 354 5.431390245600108
162 208 5.431390245600108
79 199 5.431390245600108
74 108 5.431390245600108
208 233 5.431390245600108
54 246 5.431390245600108
30 258 5.385164807134504
40 51 5.385164807134504
84 172 5.385164807134504
117 239 5.385164807134504
123 214 5.385164807134504
106 246 5.385164807134504
79 244 5.385164807134504
9 144 5.385164807134504
6 191 5.385164807134504
151 284 5.385164807134504
218 314 5.385164807134504
208 234 5.385164807134504
155 191 5.338539126015656
195 312 5.338539126015656
125 130 5.338539126015656
191 321 5.338539126015656
9 305 5.338539126015656
199 312 5.338539126015656
80 199 5.338539126015656
62 204 5.338539126015656
125 234 5.338539126015656
9 130 5.291502622129181
6 25 5.291502622129181
103 288 5.291502622129181
122 319 5.291502622129181
25 346 5.291502622129181
65 314 5.291502622129181
197 265 5.291502622129181
80 285 5.244044240850758
272 289 5.244044240850758
125 258 5.244044240850758
51 90 5.244044240850758
40 64 5.244044240850758
25 90 5.244044240850758
109 208 5.244044240850758
85 234 5.244044240850758
90 379 5.244044240850758
9 70 5.244044240850758
214 312 5.196152422706632
49 103 5.196152422706632
50 191 5.196152422706632
9 46 5.196152422706632
246 260 5.196152422706632
258 279 5.196152422706632
40 208 5.196152422706632
25 175 5.196152422706632
33 40 5.1478150704935
25 37 5.1478150704935
223 266 5.1478150704935
141 273 5.1478150704935
85 113 5.1478150704935
144 273 5.1478150704935
191 282 5.1478150704935
255 304 5.1478150704935
191 312 5.1478150704935
123 258 5.1478150704935
40 84 5.0990195135927845
151 268 5.0990195135927845
51 108 5.0990195135927845
222 258 5.0990195135927845
270 305 5.0990195135927845
163 319 5.0990195135927845
208 253 5.0990195135927845
85 161 5.0990195135927845
103 130 5.0990195135927845
199 258 5.0990195135927845
4 134 5.0990195135927845
70 141 5.0990195135927845
258 338 5.0990195135927845
191 222 5.0990195135927845
51 354 5.0990195135927845
103 108 5.0990195135927845
34 51 5.0990195135927845
25 332 5.049752469181039
155 265 5.049752469181039
101 285 5.049752469181039
183 268 5.049752469181039
174 346 5.049752469181039
79 253 5.049752469181039
141 314 5.049752469181039
51 338 5.049752469181039
59 195 5.049752469181039
25 218 5.049752469181039
6 258 5.049752469181039
134 141 5.049752469181039
151 312 5.0
25 30 5.0
20 312 5.0
230 279 5.0
70 103 5.0
193 258 5.0
51 74 5.0
236 244 5.0
74 79 5.0
65 218 5.0
258 267 5.0
4 25 5.0
101 206 5.0
175 288 5.0
20 50 5.0
316 393 5.0
85 194 5.0
4 260 4.949747468305833
89 268 4.949747468305833
48 258 4.949747468305833
260 264 4.949747468305833
103 312 4.949747468305833
254 379 4.949747468305833
130 307 4.949747468305833
54 160 4.949747468305833
40 83 4.949747468305833
20 207 4.949747468305833
248 268 4.949747468305833
162 317 4.949747468305833
90 141 4.949747468305833
191 244 4.949747468305833
3 25 4.898979485566356
305 319 4.898979485566356
51 155 4.898979485566356
108 234 4.898979485566356
25 221 4.898979485566356
70 312 4.898979485566356
27 191 4.898979485566356
160 206 4.898979485566356
44 268 4.898979485566356
234 332 4.898979485566356
223 264 4.898979485566356
162 233 4.898979485566356
230 237 4.898979485566356
103 213 4.898979485566356
83 258 4.847679857416329
20 304 4.847679857416329
122 239 4.847679857416329
79 155 4.847679857416329
221 279 4.847679857416329
181 232 4.847679857416329
33 172 4.847679857416329
25 49 4.847679857416329
268 289 4.847679857416329
9 346 4.847679857416329
9 312 4.847679857416329
146 379 4.847679857416329
109 260 4.847679857416329
155 244 4.847679857416329
244 260 4.795831523312719
130 141 4.795831523312719
9 223 4.795831523312719
208 251 4.795831523312719
180 255 4.795831523312719
51 194 4.795831523312719
79 221 4.795831523312719
27 244 4.795831523312719
88 151 4.795831523312719
64 265 4.743416490252569
52 191 4.743416490252569
85 190 4.743416490252569
208 289 4.743416490252569
162 258 4.743416490252569
20 180 4.743416490252569
79 213 4.743416490252569
155 234 4.743416490252569
207 255 4.743416490252569
141 338 4.743416490252569
260 316 4.743416490252569
204 254 4.743416490252569
34 106 4.743416490252569
319 385 4.743416490252569
25 223 4.69041575982343
79 318 4.69041575982343
268 354 4.69041575982343
141 255 4.69041575982343
33 84 4.69041575982343
83 195 4.69041575982343
103 305 4.69041575982343
52 195 4.69041575982343
260 367 4.69041575982343
52 268 4.69041575982343
25 111 4.69041575982343
195 216 4.636809247747852
49 79 4.636809247747852
69 208 4.636809247747852
58 189 4.636809247747852
144 307 4.636809247747852
17 109 4.636809247747852
81 246 4.636809247747852
103 113 4.636809247747852
79 289 4.636809247747852
117 258 4.636809247747852
51 52 4.636809247747852
50 268 4.636809247747852
244 301 4.58257569495584
141 272 4.58257569495584
268 338 4.58257569495584
62 90 4.58257569495584
21 338 4.58257569495584
234 316 4.58257569495584
214 218 4.58257569495584
47 62 4.58257569495584
4 273 4.58257569495584
25 296 4.58257569495584
91 246 4.58257569495584
151 160 4.58257569495584
109 118 4.58257569495584
79 259 4.58257569495584
123 218 4.58257569495584
61 181 4.58257569495584
108 208 4.527692569068709
199 284 4.527692569068709
109 155 4.527692569068709
74 191 4.527692569068709
47 51 4.527692569068709
237 268 4.527692569068709
103 134 4.527692569068709
27 268 4.527692569068709
49 208 4.527692569068709
79 314 4.527692569068709
48 85 4.527692569068709
90 191 4.527692569068709
268 291 4.527692569068709
80 316 4.527692569068709
2 267 4.527692569068709
51 83 4.47213595499958
26 103 4.47213595499958
79 194 4.47213595499958
47 141 4.47213595499958
116 141 4.47213595499958
19 108 4.47213595499958
27 70 4.47213595499958
20 80 4.47213595499958
123 265 4.47213595499958
166 208 4.47213595499958
83 172 4.47213595499958
184 379 4.47213595499958
266 316 4.47213595499958
9 48 4.47213595499958
85 244 4.47213595499958
258 317 4.47213595499958
81 175 4.47213595499958
175 268 4.47213595499958
144 244 4.47213595499958
64 85 4.415880433163924
65 214 4.415880433163924
40 268 4.415880433163924
34 208 4.415880433163924
57 223 4.415880433163924
191 266 4.415880433163924
141 162 4.415880433163924
64 316 4.415880433163924
81 191 4.415880433163924
266 305 4.415880433163924
34 268 4.415880433163924
253 258 4.415880433163924
25 197 4.415880433163924
258 379 4.415880433163924
48 79 4.415880433163924
65 141 4.415880433163924
229 268 4.415880433163924
270 316 4.415880433163924
79 248 4.415880433163924
130 273 4.415880433163924
130 134 4.415880433163924
172 195 4.415880433163924
258 355 4.415880433163924
268 296 4.415880433163924
214 258 4.415880433163924
89 181 4.415880433163924
195 234 4.358898943540674
141 144 4.358898943540674
25 338 4.358898943540674
83 141 4.358898943540674
268 314 4.358898943540674
47 254 4.358898943540674
79 305 4.358898943540674
69 94 4.358898943540674
141 155 4.358898943540674
258 262 4.358898943540674
51 109 4.358898943540674
108 197 4.358898943540674
25 125 4.358898943540674
35 90 4.358898943540674
85 109 4.358898943540674
175 265 4.301162633521313
109 316 4.301162633521313
208 259 4.301162633521313
189 202 4.301162633521313
79 91 4.301162633521313
316 319 4.301162633521313
79 130 4.301162633521313
62 254 4.301162633521313
260 289 4.301162633521313
9 175 4.301162633521313
106 268 4.301162633521313
74 214 4.301162633521313
25 162 4.301162633521313
260 314 4.301162633521313
3 258 4.301162633521313
80 355 4.242640687119285
109 307 4.242640687119285
25 88 4.242640687119285
265 273 4.242640687119285
83 136 4.242640687119285
25 253 4.242640687119285
51 162 4.242640687119285
197 258 4.242640687119285
141 244 4.242640687119285
141 233 4.242640687119285
62 304 4.242640687119285
64 205 4.242640687119285
76 109 4.242640687119285
51 288 4.242640687119285
50 163 4.242640687119285
11 195 4.242640687119285
51 175 4.242640687119285
258 282 4.242640687119285
80 101 4.242640687119285
312 355 4.242640687119285
25 403 4.242640687119285
83 259 4.183300132670378
109 230 4.183300132670378
34 160 4.183300132670378
90 204 4.183300132670378
144 332 4.183300132670378
123 208 4.183300132670378
50 51 4.183300132670378
79 134 4.183300132670378
233 317 4.183300132670378
268 301 4.183300132670378
108 161 4.183300132670378
155 163 4.183300132670378
155 387 4.183300132670378
202 253 4.183300132670378
79 273 4.183300132670378
63 208 4.183300132670378
70 246 4.183300132670378
221 343 4.183300132670378
25 172 4.183300132670378
70 260 4.183300132670378
234 279 4.183300132670378
151 258 4.183300132670378
25 181 4.183300132670378
85 223 4.183300132670378
208 279 4.183300132670378
56 144 4.183300132670378
26 85 4.183300132670378
258 354 4.183300132670378
51 199 4.183300132670378
74 265 4.183300132670378
25 138 4.183300132670378
268 346 4.183300132670378
67 258 4.183300132670378
206 258 4.123105625617661
25 343 4.123105625617661
91 208 4.123105625617661
304 379 4.123105625617661
204 316 4.123105625617661
258 411 4.123105625617661
184 204 4.123105625617661
88 206 4.123105625617661
19 218 4.123105625617661
69 258 4.123105625617661
141 279 4.123105625617661
51 111 4.123105625617661
90 117 4.123105625617661
96 117 4.123105625617661
163 258 4.123105625617661
50 141 4.123105625617661
49 258 4.123105625617661
20 25 4.06201920231798
264 266 4.06201920231798
222 246 4.06201920231798
50 194 4.06201920231798
91 103 4.06201920231798
163 195 4.06201920231798
246 316 4.06201920231798
25 116 4.06201920231798
19 314 4.06201920231798
103 273 4.06201920231798
68 90 4.06201920231798
22 50 4.06201920231798
109 266 4.06201920231798
218 265 4.06201920231798
79 229 4.06201920231798
7 189 4.06201920231798
141 259 4.06201920231798
85 144 4.06201920231798
74 208 4.06201920231798
25 230 4.06201920231798
85 316 4.06201920231798
166 317 4.06201920231798
226 251 4.06201920231798
141 218 4.06201920231798
6 268 4.06201920231798
229 258 4.06201920231798
251 258 4.06201920231798
136 258 4.0
67 260 4.0
204 304 4.0
64 266 4.0
40 191 4.0
34 195 4.0
61 155 4.0
90 268 4.0
57 221 4.0
19 265 4.0
9 30 4.0
25 47 4.0
51 123 4.0
109 195 4.0
40 260 4.0
226 246 4.0
103 279 4.0
253 266 4.0
155 316 4.0
59 259 4.0
47 204 4.0
51 379 4.0
265 316 4.0
51 255 4.0
109 264 4.0
206 214 4.0
144 265 4.0
88 199 4.0
65 260 4.0
123 199 4.0
141 379 4.0
89 109 4.0
85 195 4.0
246 305 3.9370039370059056
83 97 3.9370039370059056
166 233 3.9370039370059056
108 296 3.9370039370059056
50 368 3.9370039370059056
268 288 3.9370039370059056
264 312 3.9370039370059056
268 317 3.9370039370059056
117 379 3.9370039370059056
316 354 3.9370039370059056
230 258 3.9370039370059056
265 314 3.9370039370059056
195 411 3.9370039370059056
49 64 3.9370039370059056
109 246 3.9370039370059056
17 300 3.9370039370059056
61 232 3.9370039370059056
109 265 3.9370039370059056
134 367 3.9370039370059056
234 264 3.9370039370059056
90 254 3.9370039370059056
34 142 3.9370039370059056
65 74 3.9370039370059056
34 175 3.9370039370059056
74 314 3.9370039370059056
47 184 3.9370039370059056
134 265 3.9370039370059056
258 296 3.9370039370059056
79 190 3.9370039370059056
58 253 3.9370039370059056
57 79 3.9370039370059056
74 123 3.872983346207417
225 262 3.872983346207417
101 268 3.872983346207417
265 266 3.872983346207417
234 246 3.872983346207417
1 346 3.872983346207417
47 50 3.872983346207417
189 268 3.872983346207417
62 146 3.872983346207417
214 265 3.872983346207417
138 268 3.872983346207417
25 122 3.872983346207417
244 264 3.872983346207417
20 117 3.872983346207417
65 268 3.872983346207417
20 195 3.872983346207417
19 25 3.872983346207417
9 253 3.872983346207417
49 264 3.872983346207417
195 266 3.872983346207417
258 302 3.872983346207417
66 141 3.872983346207417
25 61 3.8078865529319543
260 296 3.8078865529319543
279 343 3.8078865529319543
109 305 3.8078865529319543
25 355 3.8078865529319543
191 253 3.8078865529319543
25 322 3.8078865529319543
195 288 3.8078865529319543
50 103 3.8078865529319543
108 316 3.8078865529319543
50 90 3.8078865529319543
161 258 3.8078865529319543
89 232 3.8078865529319543
85 213 3.8078865529319543
103 123 3.8078865529319543
40 312 3.8078865529319543
25 58 3.8078865529319543
83 84 3.8078865529319543
144 279 3.8078865529319543
67 141 3.8078865529319543
191 226 3.8078865529319543
191 262 3.8078865529319543
181 234 3.8078865529319543
74 218 3.8078865529319543
90 239 3.8078865529319543
40 259 3.8078865529319543
266 279 3.7416573867739413
204 305 3.7416573867739413
64 144 3.7416573867739413
218 260 3.7416573867739413
47 304 3.7416573867739413
25 160 3.7416573867739413
195 354 3.7416573867739413
6 73 3.7416573867739413
191 193 3.7416573867739413
193 246 3.7416573867739413
141 161 3.7416573867739413
52 260 3.7416573867739413
233 258 3.7416573867739413
84 195 3.7416573867739413
25 233 3.7416573867739413
30 174 3.7416573867739413
50 385 3.7416573867739413
79 183 3.7416573867739413
103 199 3.7416573867739413
25 66 3.7416573867739413
61 236 3.7416573867739413
246 287 3.7416573867739413
63 258 3.7416573867739413
109 181 3.7416573867739413
259 264 3.7416573867739413
64 83 3.7416573867739413
239 258 3.7416573867739413
58 113 3.7416573867739413
51 289 3.7416573867739413
25 368 3.6742346141747673
25 272 3.6742346141747673
109 279 3.6742346141747673
49 141 3.6742346141747673
66 268 3.6742346141747673
21 194 3.6742346141747673
51 266 3.6742346141747673
141 346 3.6742346141747673
74 312 3.6742346141747673
52 246 3.6742346141747673
208 397 3.6742346141747673
296 312 3.6742346141747673
134 144 3.6742346141747673
258 368 3.6742346141747673
9 50 3.6742346141747673
160 191 3.6742346141747673
40 194 3.6742346141747673
19 74 3.6742346141747673
40 316 3.6742346141747673
9 108 3.6742346141747673
108 312 3.6742346141747673
21 317 3.6742346141747673
51 317 3.6742346141747673
175 193 3.6742346141747673
91 316 3.6742346141747673
57 279 3.6742346141747673
6 103 3.6742346141747673
121 141 3.6742346141747673
186 250 3.6742346141747673
103 230 3.6742346141747673
260 332 3.6742346141747673
208 211 3.6742346141747673
208 288 3.6742346141747673
206 312 3.6742346141747673
225 258 3.6742346141747673
79 285 3.6742346141747673
180 379 3.6742346141747673
117 255 3.6742346141747673
268 367 3.6742346141747673
1 30 3.6742346141747673
21 162 3.6742346141747673
155 305 3.605551275463989
122 393 3.605551275463989
70 195 3.605551275463989
156 258 3.605551275463989
51 151 3.605551275463989
25 57 3.605551275463989
232 234 3.605551275463989
184 254 3.605551275463989
9 244 3.605551275463989
65 79 3.605551275463989
64 246 3.605551275463989
25 248 3.605551275463989
85 138 3.605551275463989
142 191 3.605551275463989
79 346 3.605551275463989
20 268 3.605551275463989
103 245 3.605551275463989
30 268 3.605551275463989
254 304 3.605551275463989
113 202 3.605551275463989
180 204 3.605551275463989
90 195 3.605551275463989
64 305 3.605551275463989
73 268 3.605551275463989
91 141 3.605551275463989
234 343 3.605551275463989
64 168 3.605551275463989
52 141 3.605551275463989
90 304 3.605551275463989
268 355 3.5355339059327378
254 316 3.5355339059327378
47 117 3.5355339059327378
223 230 3.5355339059327378
51 122 3.5355339059327378
125 268 3.5355339059327378
25 226 3.5355339059327378
265 346 3.5355339059327378
103 248 3.5355339059327378
166 258 3.5355339059327378
172 259 3.5355339059327378
122 155 3.5355339059327378
85 245 3.5355339059327378
85 108 3.5355339059327378
260 403 3.5355339059327378
51 214 3.5355339059327378
144 230 3.5355339059327378
279 332 3.5355339059327378
206 268 3.5355339059327378
141 172 3.5355339059327378
64 125 3.5355339059327378
119 317 3.5355339059327378
20 264 3.5355339059327378
7 113 3.5355339059327378
199 289 3.5355339059327378
25 317 3.5355339059327378
180 305 3.5355339059327378
79 332 3.5355339059327378
9 21 3.5355339059327378
51 233 3.5355339059327378
108 195 3.5355339059327378
19 65 3.5355339059327378
175 195 3.5355339059327378
208 346 3.5355339059327378
132 258 3.5355339059327378
71 194 3.5355339059327378
230 264 3.4641016151377544
237 279 3.4641016151377544
83 191 3.4641016151377544
221 223 3.4641016151377544
246 303 3.4641016151377544
62 180 3.4641016151377544
25 232 3.4641016151377544
316 338 3.4641016151377544
118 258 3.4641016151377544
51 163 3.4641016151377544
65 265 3.4641016151377544
80 208 3.4641016151377544
33 83 3.4641016151377544
101 284 3.4641016151377544
191 287 3.4641016151377544
25 136 3.4641016151377544
57 230 3.4641016151377544
191 387 3.4641016151377544
73 222 3.4641016151377544
61 234 3.4641016151377544
221 234 3.4641016151377544
64 70 3.4641016151377544
25 249 3.4641016151377544
296 316 3.4641016151377544
25 284 3.4641016151377544
1 118 3.4641016151377544
260 354 3.4641016151377544
79 218 3.4641016151377544
46 70 3.4641016151377544
19 141 3.4641016151377544
141 317 3.4641016151377544
195 251 3.4641016151377544
74 103 3.4641016151377544
51 296 3.4641016151377544
160 199 3.4641016151377544
246 266 3.4641016151377544
184 258 3.391164991562634
109 232 3.391164991562634
62 305 3.391164991562634
260 284 3.391164991562634
90 184 3.391164991562634
40 354 3.391164991562634
79 343 3.391164991562634
161 268 3.391164991562634
25 48 3.391164991562634
103 214 3.391164991562634
106 260 3.391164991562634
216 258 3.391164991562634
305 306 3.391164991562634
191 302 3.391164991562634
73 91 3.391164991562634
128 208 3.391164991562634
62 258 3.391164991562634
25 117 3.391164991562634
208 229 3.391164991562634
109 223 3.391164991562634
191 197 3.391164991562634
25 44 3.391164991562634
144 191 3.391164991562634
1 300 3.391164991562634
258 285 3.391164991562634
67 249 3.391164991562634
19 214 3.391164991562634
25 84 3.391164991562634
162 195 3.391164991562634
47 195 3.391164991562634
54 73 3.391164991562634
88 260 3.391164991562634
181 301 3.391164991562634
136 380 3.391164991562634
207 379 3.391164991562634
160 312 3.391164991562634
3 144 3.391164991562634
79 151 3.391164991562634
130 367 3.391164991562634
59 258 3.391164991562634
194 260 3.391164991562634
22 239 3.391164991562634
62 316 3.391164991562634
11 259 3.391164991562634
162 268 3.3166247903554
85 134 3.3166247903554
73 132 3.3166247903554
216 259 3.3166247903554
54 288 3.3166247903554
258 321 3.3166247903554
27 301 3.3166247903554
126 195 3.3166247903554
304 316 3.3166247903554
9 76 3.3166247903554
234 346 3.3166247903554
79 202 3.3166247903554
239 270 3.3166247903554
312 354 3.3166247903554
218 268 3.3166247903554
64 332 3.3166247903554
58 79 3.3166247903554
223 244 3.3166247903554
25 163 3.3166247903554
51 70 3.3166247903554
197 268 3.3166247903554
9 332 3.3166247903554
25 321 3.3166247903554
96 270 3.3166247903554
208 240 3.3166247903554
6 79 3.3166247903554
180 316 3.3166247903554
106 265 3.3166247903554
25 121 3.3166247903554
125 191 3.3166247903554
260 266 3.3166247903554
79 138 3.3166247903554
119 211 3.3166247903554
44 79 3.3166247903554
254 305 3.3166247903554
25 393 3.3166247903554
184 304 3.3166247903554
221 332 3.3166247903554
79 197 3.3166247903554
9 338 3.3166247903554
122 195 3.3166247903554
64 312 3.3166247903554
160 284 3.3166247903554
191 259 3.3166247903554
113 189 3.3166247903554
90 109 3.3166247903554
122 208 3.3166247903554
211 268 3.3166247903554
51 346 3.24037034920393
253 316 3.24037034920393
25 236 3.24037034920393
214 355 3.24037034920393
25 213 3.24037034920393
268 368 3.24037034920393
91 260 3.24037034920393
208 230 3.24037034920393
230 244 3.24037034920393
48 208 3.24037034920393
116 258 3.24037034920393
91 305 3.24037034920393
51 130 3.24037034920393
30 141 3.24037034920393
64 130 3.24037034920393
204 258 3.24037034920393
258 307 3.24037034920393
54 142 3.24037034920393
141 411 3.24037034920393
30 208 3.24037034920393
25 54 3.24037034920393
161 234 3.24037034920393
306 316 3.24037034920393
234 305 3.24037034920393
97 136 3.24037034920393
69 191 3.24037034920393
73 103 3.24037034920393
260 305 3.24037034920393
258 393 3.24037034920393
108 246 3.24037034920393
234 312 3.24037034920393
20 122 3.24037034920393
73 321 3.24037034920393
211 279 3.24037034920393
255 268 3.1622776601683795
33 195 3.1622776601683795
7 245 3.1622776601683795
175 226 3.1622776601683795
144 213 3.1622776601683795
17 118 3.1622776601683795
103 259 3.1622776601683795
74 285 3.1622776601683795
64 172 3.1622776601683795
83 208 3.1622776601683795
69 246 3.1622776601683795
9 40 3.1622776601683795
194 312 3.1622776601683795
197 218 3.1622776601683795
103 289 3.1622776601683795
229 264 3.1622776601683795
172 258 3.1622776601683795
25 166 3.1622776601683795
88 214 3.1622776601683795
251 287 3.1622776601683795
144 221 3.1622776601683795
20 393 3.1622776601683795
144 155 3.1622776601683795
80 354 3.1622776601683795
83 268 3.1622776601683795
258 303 3.1622776601683795
30 265 3.1622776601683795
175 287 3.1622776601683795
246 262 3.1622776601683795
51 106 3.1622776601683795
117 122 3.1622776601683795
80 195 3.1622776601683795
27 234 3.1622776601683795
208 296 3.1622776601683795
70 316 3.1622776601683795
25 239 3.1622776601683795
223 234 3.1622776601683795
202 245 3.1622776601683795
165 258 3.1622776601683795
21 233 3.1622776601683795
21 156 3.1622776601683795
25 89 3.1622776601683795
51 166 3.1622776601683795
51 229 3.1622776601683795
221 230 3.1622776601683795
160 260 3.1622776601683795
20 191 3.1622776601683795
47 207 3.1622776601683795
25 100 3.1622776601683795
113 268 3.1622776601683795
6 195 3.1622776601683795
51 59 3.1622776601683795
89 155 3.1622776601683795
128 268 3.1622776601683795
52 79 3.1622776601683795
258 314 3.082207001484488
47 208 3.082207001484488
59 216 3.082207001484488
111 338 3.082207001484488
103 106 3.082207001484488
80 264 3.082207001484488
106 288 3.082207001484488
25 255 3.082207001484488
34 130 3.082207001484488
89 234 3.082207001484488
146 254 3.082207001484488
123 312 3.082207001484488
9 123 3.082207001484488
103 175 3.082207001484488
52 103 3.082207001484488
9 125 3.082207001484488
86 268 3.082207001484488
134 161 3.082207001484488
51 272 3.082207001484488
160 214 3.082207001484488
254 258 3.082207001484488
49 195 3.082207001484488
51 244 3.082207001484488
64 214 3.082207001484488
194 246 3.082207001484488
37 141 3.082207001484488
79 106 3.082207001484488
199 208 3.082207001484488
103 346 3.082207001484488
47 180 3.082207001484488
51 216 3.082207001484488
258 377 3.082207001484488
65 197 3.082207001484488
80 160 3.082207001484488
9 236 3.082207001484488
195 338 3.082207001484488
230 234 3.082207001484488
180 184 3.082207001484488
191 225 3.082207001484488
221 258 3.082207001484488
64 354 3.082207001484488
89 305 3.082207001484488
52 108 3.082207001484488
44 57 3.082207001484488
9 49 3.082207001484488
63 195 3.082207001484488
37 260 3.082207001484488
47 191 3.082207001484488
233 268 3.082207001484488
268 269 3.082207001484488
130 305 3.0
234 354 3.0
109 175 3.0
142 258 3.0
79 161 3.0
138 260 3.0
9 205 3.0
175 266 3.0
106 195 3.0
246 264 3.0
52 305 3.0
67 108 3.0
51 161 3.0
25 411 3.0
109 253 3.0
25 119 3.0
35 258 3.0
100 260 3.0
213 234 3.0
51 136 3.0
191 199 3.0
30 79 3.0
79 272 3.0
66 258 3.0
304 305 3.0
195 199 3.0
26 268 3.0
44 279 3.0
211 338 3.0
109 226 3.0
7 79 3.0
51 73 3.0
234 266 3.0
47 103 3.0
85 332 3.0
141 166 3.0
111 141 3.0
234 367 3.0
141 332 3.0
47 368 3.0
59 268 3.0
130 195 3.0
27 258 3.0
21 166 3.0
61 301 3.0
195 233 3.0
9 317 3.0
27 181 3.0
79 291 3.0
144 266 3.0
119 258 3.0
9 221 3.0
156 191 3.0
51 403 3.0
155 260 3.0
258 408 3.0
171 268 3.0
21 268 3.0
76 268 3.0
64 116 3.0
136 195 3.0
94 208 3.0
91 288 3.0
79 80 3.0
121 258 3.0
111 317 3.0
191 346 3.0
83 282 3.0
85 230 2.9154759474226504
11 258 2.9154759474226504
64 253 2.9154759474226504
44 291 2.9154759474226504
156 194 2.9154759474226504
67 268 2.9154759474226504
90 234 2.9154759474226504
64 108 2.9154759474226504
141 169 2.9154759474226504
194 317 2.9154759474226504
49 194 2.9154759474226504
7 194 2.9154759474226504
199 265 2.9154759474226504
19 123 2.9154759474226504
25 250 2.9154759474226504
218 258 2.9154759474226504
180 304 2.9154759474226504
80 155 2.9154759474226504
34 91 2.9154759474226504
3 109 2.9154759474226504
6 51 2.9154759474226504
108 134 2.9154759474226504
11 51 2.9154759474226504
232 301 2.9154759474226504
182 297 2.9154759474226504
126 259 2.9154759474226504
72 258 2.9154759474226504
109 194 2.9154759474226504
246 346 2.9154759474226504
90 235 2.9154759474226504
116 268 2.9154759474226504
195 368 2.9154759474226504
121 268 2.9154759474226504
207 254 2.9154759474226504
29 118 2.9154759474226504
84 259 2.9154759474226504
26 58 2.9154759474226504
191 367 2.9154759474226504
260 279 2.9154759474226504
122 268 2.9154759474226504
44 221 2.9154759474226504
208 332 2.9154759474226504
50 195 2.9154759474226504
9 343 2.9154759474226504
125 195 2.9154759474226504
73 79 2.9154759474226504
48 64 2.9154759474226504
57 234 2.9154759474226504
30 234 2.9154759474226504
245 268 2.9154759474226504
285 312 2.9154759474226504
49 85 2.9154759474226504
211 317 2.9154759474226504
208 223 2.9154759474226504
234 248 2.9154759474226504
268 307 2.9154759474226504
260 282 2.9154759474226504
97 259 2.9154759474226504
213 279 2.9154759474226504
172 268 2.9154759474226504
51 206 2.9154759474226504
235 258 2.9154759474226504
296 354 2.9154759474226504
134 208 2.9154759474226504
141 403 2.9154759474226504
226 268 2.9154759474226504
155 246 2.9154759474226504
25 118 2.9154759474226504
163 239 2.9154759474226504
332 343 2.9154759474226504
268 272 2.9154759474226504
25 379 2.9154759474226504
30 246 2.9154759474226504
103 221 2.8284271247461903
20 208 2.8284271247461903
11 59 2.8284271247461903
194 338 2.8284271247461903
51 285 2.8284271247461903
9 34 2.8284271247461903
197 314 2.8284271247461903
20 79 2.8284271247461903
26 189 2.8284271247461903
236 257 2.8284271247461903
150 258 2.8284271247461903
84 141 2.8284271247461903
236 258 2.8284271247461903
160 258 2.8284271247461903
163 268 2.8284271247461903
97 195 2.8284271247461903
9 213 2.8284271247461903
204 207 2.8284271247461903
73 260 2.8284271247461903
25 222 2.8284271247461903
134 244 2.8284271247461903
7 25 2.8284271247461903
150 195 2.8284271247461903
265 312 2.8284271247461903
62 141 2.8284271247461903
40 234 2.8284271247461903
85 273 2.8284271247461903
40 305 2.8284271247461903
71 208 2.8284271247461903
50 234 2.8284271247461903
58 266 2.8284271247461903
108 266 2.8284271247461903
9 296 2.8284271247461903
265 305 2.8284271247461903
161 191 2.8284271247461903
41 88 2.8284271247461903
273 367 2.8284271247461903
176 194 2.8284271247461903
41 141 2.8284271247461903
208 272 2.8284271247461903
71 176 2.8284271247461903
102 250 2.8284271247461903
69 156 2.8284271247461903
57 144 2.8284271247461903
63 268 2.8284271247461903
191 317 2.8284271247461903
65 258 2.8284271247461903
106 208 2.8284271247461903
103 161 2.8284271247461903
27 103 2.8284271247461903
34 79 2.8284271247461903
65 161 2.8284271247461903
51 134 2.8284271247461903
260 355 2.8284271247461903
88 160 2.8284271247461903
305 312 2.8284271247461903
130 208 2.8284271247461903
305 354 2.8284271247461903
19 260 2.8284271247461903
51 223 2.8284271247461903
40 70 2.8284271247461903
85 312 2.8284271247461903
155 312 2.8284271247461903
34 316 2.8284271247461903
64 273 2.8284271247461903
52 91 2.8284271247461903
83 380 2.8284271247461903
25 97 2.8284271247461903
76 316 2.8284271247461903
103 332 2.8284271247461903
58 245 2.8284271247461903
61 103 2.8284271247461903
258 304 2.8284271247461903
73 142 2.8284271247461903
44 183 2.8284271247461903
61 258 2.8284271247461903
37 51 2.8284271247461903
25 301 2.8284271247461903
57 343 2.7386127875258306
259 312 2.7386127875258306
136 259 2.7386127875258306
30 51 2.7386127875258306
90 180 2.7386127875258306
141 311 2.7386127875258306
25 281 2.7386127875258306
103 138 2.7386127875258306
34 260 2.7386127875258306
44 343 2.7386127875258306
79 338 2.7386127875258306
195 397 2.7386127875258306
195 229 2.7386127875258306
90 122 2.7386127875258306
214 234 2.7386127875258306
80 206 2.7386127875258306
100 134 2.7386127875258306
213 318 2.7386127875258306
30 191 2.7386127875258306
64 244 2.7386127875258306
70 253 2.7386127875258306
126 258 2.7386127875258306
289 298 2.7386127875258306
141 304 2.7386127875258306
25 229 2.7386127875258306
258 380 2.7386127875258306
113 245 2.7386127875258306
122 191 2.7386127875258306
49 244 2.7386127875258306
66 260 2.7386127875258306
25 33 2.7386127875258306
47 122 2.7386127875258306
102 186 2.7386127875258306
85 91 2.7386127875258306
225 246 2.7386127875258306
85 248 2.7386127875258306
9 57 2.7386127875258306
234 322 2.7386127875258306
9 119 2.7386127875258306
25 387 2.7386127875258306
250 268 2.7386127875258306
83 194 2.7386127875258306
77 258 2.7386127875258306
56 268 2.7386127875258306
34 141 2.7386127875258306
208 285 2.7386127875258306
206 208 2.7386127875258306
21 258 2.7386127875258306
51 172 2.7386127875258306
40 103 2.7386127875258306
103 387 2.7386127875258306
81 193 2.7386127875258306
64 192 2.7386127875258306
46 50 2.7386127875258306
239 385 2.7386127875258306
101 312 2.7386127875258306
191 368 2.7386127875258306
91 265 2.7386127875258306
27 260 2.7386127875258306
253 305 2.7386127875258306
85 199 2.7386127875258306
222 277 2.7386127875258306
72 195 2.7386127875258306
74 85 2.7386127875258306
30 103 2.7386127875258306
34 234 2.7386127875258306
117 141 2.7386127875258306
51 62 2.7386127875258306
46 253 2.7386127875258306
25 262 2.7386127875258306
295 316 2.7386127875258306
146 304 2.7386127875258306
51 355 2.7386127875258306
234 282 2.6457513110645907
260 322 2.6457513110645907
213 258 2.6457513110645907
51 84 2.6457513110645907
276 282 2.6457513110645907
64 84 2.6457513110645907
151 191 2.6457513110645907
67 214 2.6457513110645907
130 316 2.6457513110645907
77 297 2.6457513110645907
47 268 2.6457513110645907
258 300 2.6457513110645907
90 208 2.6457513110645907
305 338 2.6457513110645907
207 304 2.6457513110645907
191 279 2.6457513110645907
41 151 2.6457513110645907
119 141 2.6457513110645907
43 71 2.6457513110645907
208 244 2.6457513110645907
130 175 2.6457513110645907
189 245 2.6457513110645907
25 63 2.6457513110645907
64 123 2.6457513110645907
141 282 2.6457513110645907
37 258 2.6457513110645907
183 291 2.6457513110645907
208 226 2.6457513110645907
162 316 2.6457513110645907
260 272 2.6457513110645907
51 97 2.6457513110645907
187 234 2.6457513110645907
183 279 2.6457513110645907
35 255 2.6457513110645907
260 311 2.6457513110645907
70 289 2.6457513110645907
42 141 2.6457513110645907
7 26 2.6457513110645907
70 79 2.6457513110645907
64 259 2.6457513110645907
208 343 2.6457513110645907
90 207 2.6457513110645907
79 175 2.6457513110645907
64 66 2.6457513110645907
118 208 2.6457513110645907
79 317 2.6457513110645907
155 264 2.6457513110645907
262 288 2.6457513110645907
122 368 2.6457513110645907
175 208 2.6457513110645907
47 338 2.6457513110645907
50 91 2.6457513110645907
25 149 2.6457513110645907
6 208 2.6457513110645907
85 305 2.6457513110645907
30 264 2.6457513110645907
48 260 2.6457513110645907
34 305 2.6457513110645907
195 321 2.6457513110645907
26 202 2.6457513110645907
80 103 2.6457513110645907
136 141 2.6457513110645907
246 312 2.6457513110645907
191 206 2.6457513110645907
2 246 2.6457513110645907
248 265 2.6457513110645907
43 176 2.6457513110645907
46 103 2.6457513110645907
51 254 2.6457513110645907
108 199 2.6457513110645907
90 260 2.6457513110645907
216 268 2.6457513110645907
244 316 2.6457513110645907
43 194 2.6457513110645907
172 316 2.6457513110645907
50 255 2.6457513110645907
214 296 2.6457513110645907
130 411 2.6457513110645907
190 208 2.6457513110645907
9 226 2.6457513110645907
51 367 2.6457513110645907
57 103 2.6457513110645907
25 132 2.6457513110645907
20 350 2.6457513110645907
123 289 2.6457513110645907
35 316 2.6457513110645907
25 211 2.6457513110645907
64 346 2.6457513110645907
119 143 2.6457513110645907
76 377 2.6457513110645907
51 118 2.6457513110645907
67 191 2.6457513110645907
79 269 2.6457513110645907
79 296 2.5495097567963922
19 258 2.5495097567963922
44 234 2.5495097567963922
116 260 2.5495097567963922
43 208 2.5495097567963922
64 279 2.5495097567963922
119 194 2.5495097567963922
156 317 2.5495097567963922
146 184 2.5495097567963922
88 101 2.5495097567963922
281 322 2.5495097567963922
138 208 2.5495097567963922
111 258 2.5495097567963922
48 141 2.5495097567963922
191 303 2.5495097567963922
234 288 2.5495097567963922
70 108 2.5495097567963922
67 123 2.5495097567963922
19 79 2.5495097567963922
194 282 2.5495097567963922
89 301 2.5495097567963922
9 230 2.5495097567963922
93 208 2.5495097567963922
180 258 2.5495097567963922
63 226 2.5495097567963922
156 246 2.5495097567963922
66 116 2.5495097567963922
122 270 2.5495097567963922
108 338 2.5495097567963922
183 269 2.5495097567963922
184 305 2.5495097567963922
258 385 2.5495097567963922
246 259 2.5495097567963922
66 79 2.5495097567963922
79 101 2.5495097567963922
184 316 2.5495097567963922
64 285 2.5495097567963922
260 346 2.5495097567963922
258 289 2.5495097567963922
35 305 2.5495097567963922
298 312 2.5495097567963922
109 377 2.5495097567963922
52 85 2.5495097567963922
103 197 2.5495097567963922
85 246 2.5495097567963922
46 191 2.5495097567963922
143 208 2.5495097567963922
195 296 2.5495097567963922
31 246 2.5495097567963922
291 343 2.5495097567963922
155 266 2.5495097567963922
31 258 2.5495097567963922
9 134 2.5495097567963922
151 208 2.5495097567963922
208 221 2.5495097567963922
266 312 2.5495097567963922
34 69 2.5495097567963922
146 316 2.5495097567963922
25 202 2.5495097567963922
74 234 2.5495097567963922
191 338 2.5495097567963922
2 251 2.5495097567963922
251 268 2.5495097567963922
152 297 2.5495097567963922
6 265 2.5495097567963922
123 403 2.5495097567963922
11 216 2.5495097567963922
40 79 2.5495097567963922
46 64 2.5495097567963922
64 155 2.5495097567963922
64 296 2.5495097567963922
211 233 2.5495097567963922
51 117 2.5495097567963922
144 223 2.5495097567963922
141 204 2.5495097567963922
214 311 2.5495097567963922
25 251 2.5495097567963922
259 265 2.5495097567963922
9 273 2.5495097567963922
183 221 2.5495097567963922
49 259 2.5495097567963922
141 163 2.449489742783178
194 259 2.449489742783178
109 255 2.449489742783178
21 79 2.449489742783178
85 279 2.449489742783178
48 253 2.449489742783178
208 318 2.449489742783178
47 234 2.449489742783178
25 318 2.449489742783178
72 150 2.449489742783178
76 266 2.449489742783178
88 312 2.449489742783178
6 260 2.449489742783178
138 258 2.449489742783178
191 223 2.449489742783178
83 260 2.449489742783178
103 317 2.449489742783178
186 268 2.449489742783178
74 199 2.449489742783178
258 277 2.449489742783178
44 230 2.449489742783178
40 50 2.449489742783178
49 260 2.449489742783178
208 282 2.449489742783178
111 233 2.449489742783178
106 134 2.449489742783178
47 235 2.449489742783178
146 180 2.449489742783178
141 221 2.449489742783178
119 268 2.449489742783178
73 282 2.449489742783178
84 354 2.449489742783178
57 85 2.449489742783178
106 109 2.449489742783178
150 155 2.449489742783178
50 64 2.449489742783178
59 208 2.449489742783178
141 223 2.449489742783178
80 191 2.449489742783178
89 122 2.449489742783178
264 279 2.449489742783178
191 210 2.449489742783178
264 305 2.449489742783178
57 264 2.449489742783178
49 51 2.449489742783178
20 35 2.449489742783178
180 254 2.449489742783178
272 298 2.449489742783178
49 221 2.449489742783178
64 397 2.449489742783178
230 291 2.449489742783178
35 268 2.449489742783178
25 69 2.449489742783178
172 191 2.449489742783178
141 254 2.449489742783178
50 117 2.449489742783178
249 258 2.449489742783178
141 253 2.449489742783178
207 258 2.449489742783178
33 141 2.449489742783178
64 282 2.449489742783178
123 296 2.449489742783178
96 122 2.449489742783178
64 134 2.449489742783178
119 148 2.449489742783178
155 318 2.449489742783178
123 151 2.449489742783178
163 354 2.449489742783178
30 80 2.449489742783178
260 338 2.449489742783178
25 71 2.449489742783178
44 269 2.449489742783178
168 205 2.449489742783178
111 162 2.449489742783178
51 282 2.449489742783178
195 244 2.449489742783178
6 246 2.449489742783178
194 295 2.449489742783178
239 319 2.449489742783178
221 260 2.449489742783178
97 258 2.449489742783178
91 264 2.449489742783178
26 113 2.449489742783178
213 223 2.449489742783178
182 234 2.449489742783178
312 338 2.449489742783178
19 197 2.449489742783178
108 355 2.449489742783178
208 354 2.449489742783178
97 141 2.449489742783178
103 181 2.449489742783178
213 260 2.449489742783178
56 141 2.449489742783178
130 187 2.449489742783178
155 208 2.449489742783178
33 64 2.449489742783178
176 208 2.449489742783178
223 265 2.449489742783178
35 51 2.449489742783178
141 288 2.449489742783178
63 287 2.449489742783178
259 316 2.449489742783178
65 234 2.449489742783178
25 225 2.449489742783178
70 227 2.449489742783178
125 141 2.449489742783178
144 343 2.449489742783178
194 234 2.449489742783178
103 236 2.449489742783178
273 332 2.345207879911715
25 190 2.345207879911715
130 288 2.345207879911715
59 126 2.345207879911715
40 368 2.345207879911715
255 338 2.345207879911715
25 174 2.345207879911715
258 318 2.345207879911715
51 321 2.345207879911715
90 368 2.345207879911715
268 297 2.345207879911715
108 346 2.345207879911715
151 355 2.345207879911715
26 245 2.345207879911715
141 239 2.345207879911715
66 296 2.345207879911715
208 295 2.345207879911715
191 277 2.345207879911715
91 259 2.345207879911715
210 258 2.345207879911715
29 246 2.345207879911715
116 296 2.345207879911715
109 332 2.345207879911715
90 246 2.345207879911715
234 236 2.345207879911715
194 210 2.345207879911715
54 268 2.345207879911715
268 321 2.345207879911715
52 316 2.345207879911715
46 270 2.345207879911715
194 240 2.345207879911715
25 76 2.345207879911715
141 175 2.345207879911715
125 144 2.345207879911715
141 180 2.345207879911715
74 195 2.345207879911715
21 210 2.345207879911715
34 81 2.345207879911715
155 385 2.345207879911715
141 197 2.345207879911715
90 130 2.345207879911715
174 258 2.345207879911715
90 96 2.345207879911715
21 119 2.345207879911715
50 246 2.345207879911715
56 332 2.345207879911715
51 273 2.345207879911715
141 196 2.345207879911715
25 42 2.345207879911715
72 155 2.345207879911715
90 103 2.345207879911715
103 171 2.345207879911715
191 355 2.345207879911715
111 166 2.345207879911715
234 297 2.345207879911715
74 111 2.345207879911715
9 397 2.345207879911715
130 346 2.345207879911715
289 296 2.345207879911715
258 397 2.345207879911715
103 122 2.345207879911715
64 67 2.345207879911715
175 305 2.345207879911715
74 266 2.345207879911715
191 251 2.345207879911715
208 273 2.345207879911715
130 226 2.345207879911715
27 232 2.345207879911715
9 83 2.345207879911715
44 223 2.345207879911715
120 141 2.345207879911715
49 279 2.345207879911715
47 260 2.345207879911715
244 266 2.345207879911715
9 74 2.345207879911715
70 282 2.345207879911715
51 253 2.345207879911715
123 191 2.345207879911715
221 266 2.345207879911715
264 338 2.345207879911715
11 126 2.345207879911715
234 285 2.345207879911715
123 246 2.345207879911715
193 288 2.345207879911715
109 301 2.345207879911715
206 285 2.345207879911715
141 298 2.345207879911715
119 260 2.345207879911715
144 316 2.345207879911715
194 397 2.345207879911715
74 80 2.345207879911715
246 367 2.345207879911715
123 195 2.345207879911715
161 273 2.345207879911715
141 368 2.345207879911715
40 411 2.345207879911715
368 393 2.345207879911715
160 355 2.345207879911715
7 266 2.345207879911715
208 300 2.345207879911715
9 171 2.345207879911715
122 141 2.345207879911715
229 259 2.345207879911715
6 85 2.345207879911715
149 258 2.345207879911715
259 260 2.345207879911715
80 272 2.345207879911715
109 287 2.345207879911715
194 352 2.345207879911715
46 258 2.345207879911715
226 234 2.345207879911715
57 208 2.345207879911715
54 222 2.345207879911715
260 288 2.345207879911715
137 141 2.345207879911715
183 230 2.345207879911715
152 182 2.345207879911715
80 234 2.345207879911715
120 151 2.345207879911715
250 279 2.345207879911715
295 305 2.345207879911715
199 234 2.345207879911715
90 146 2.345207879911715
35 109 2.345207879911715
64 249 2.345207879911715
144 208 2.345207879911715
52 265 2.345207879911715
71 258 2.345207879911715
191 214 2.345207879911715
85 123 2.345207879911715
100 273 2.345207879911715
312 379 2.345207879911715
80 296 2.345207879911715
213 266 2.345207879911715
178 234 2.345207879911715
208 214 2.345207879911715
93 141 2.345207879911715
64 264 2.345207879911715
208 368 2.345207879911715
190 258 2.345207879911715
64 199 2.345207879911715
258 332 2.345207879911715
9 91 2.345207879911715
253 260 2.345207879911715
166 195 2.345207879911715
151 234 2.345207879911715
109 205 2.345207879911715
27 194 2.23606797749979
148 211 2.23606797749979
111 260 2.23606797749979
108 273 2.23606797749979
70 296 2.23606797749979
106 282 2.23606797749979
123 161 2.23606797749979
175 264 2.23606797749979
195 206 2.23606797749979
57 258 2.23606797749979
122 306 2.23606797749979
77 191 2.23606797749979
246 273 2.23606797749979
83 234 2.23606797749979
246 302 2.23606797749979
125 208 2.23606797749979
225 288 2.23606797749979
34 262 2.23606797749979
149 208 2.23606797749979
305 350 2.23606797749979
91 234 2.23606797749979
191 301 2.23606797749979
117 268 2.23606797749979
48 223 2.23606797749979
51 204 2.23606797749979
40 49 2.23606797749979
268 287 2.23606797749979
67 265 2.23606797749979
9 354 2.23606797749979
40 136 2.23606797749979
50 265 2.23606797749979
70 264 2.23606797749979
194 264 2.23606797749979
70 265 2.23606797749979
42 260 2.23606797749979
165 191 2.23606797749979
136 208 2.23606797749979
150 268 2.23606797749979
51 126 2.23606797749979
106 316 2.23606797749979
151 265 2.23606797749979
9 168 2.23606797749979
48 171 2.23606797749979
172 354 2.23606797749979
50 260 2.23606797749979
54 316 2.23606797749979
66 265 2.23606797749979
25 93 2.23606797749979
200 268 2.23606797749979
20 354 2.23606797749979
165 246 2.23606797749979
195 282 2.23606797749979
109 168 2.23606797749979
288 303 2.23606797749979
25 59 2.23606797749979
190 264 2.23606797749979
268 379 2.23606797749979
116 208 2.23606797749979
6 141 2.23606797749979
89 236 2.23606797749979
134 246 2.23606797749979
51 93 2.23606797749979
25 294 2.23606797749979
9 106 2.23606797749979
79 111 2.23606797749979
260 307 2.23606797749979
265 317 2.23606797749979
111 208 2.23606797749979
196 260 2.23606797749979
83 149 2.23606797749979
79 354 2.23606797749979
51 66 2.23606797749979
182 268 2.23606797749979
250 258 2.23606797749979
183 223 2.23606797749979
51 156 2.23606797749979
141 230 2.23606797749979
202 264 2.23606797749979
50 70 2.23606797749979
248 260 2.23606797749979
113 253 2.23606797749979
196 268 2.23606797749979
49 234 2.23606797749979
79 171 2.23606797749979
234 289 2.23606797749979
9 307 2.23606797749979
195 367 2.23606797749979
108 130 2.23606797749979
162 191 2.23606797749979
264 317 2.23606797749979
9 20 2.23606797749979
84 208 2.23606797749979
56 191 2.23606797749979
52 155 2.23606797749979
89 258 2.23606797749979
64 239 2.23606797749979
22 155 2.23606797749979
67 314 2.23606797749979
51 408 2.23606797749979
76 141 2.23606797749979
96 258 2.23606797749979
4 234 2.23606797749979
141 226 2.23606797749979
230 266 2.23606797749979
117 234 2.23606797749979
79 211 2.23606797749979
84 194 2.23606797749979
9 155 2.23606797749979
74 246 2.23606797749979
103 232 2.23606797749979
79 116 2.23606797749979
7 264 2.23606797749979
101 160 2.23606797749979
149 282 2.23606797749979
221 291 2.23606797749979
70 234 2.23606797749979
156 268 2.23606797749979
106 141 2.23606797749979
141 251 2.23606797749979
208 270 2.23606797749979
80 305 2.23606797749979
121 208 2.23606797749979
57 183 2.23606797749979
199 246 2.23606797749979
21 51 2.23606797749979
269 291 2.23606797749979
144 264 2.23606797749979
141 213 2.23606797749979
103 229 2.23606797749979
385 393 2.23606797749979
109 317 2.23606797749979
20 338 2.23606797749979
93 258 2.23606797749979
22 96 2.23606797749979
244 273 2.23606797749979
282 367 2.23606797749979
122 194 2.23606797749979
221 259 2.23606797749979
101 258 2.23606797749979
249 260 2.23606797749979
27 227 2.23606797749979
109 221 2.23606797749979
108 144 2.23606797749979
134 195 2.23606797749979
338 379 2.23606797749979
25 183 2.23606797749979
33 259 2.23606797749979
119 338 2.23606797749979
30 108 2.23606797749979
57 332 2.23606797749979
189 253 2.23606797749979
109 117 2.23606797749979
141 236 2.23606797749979
74 197 2.23606797749979
50 79 2.23606797749979
174 246 2.23606797749979
9 80 2.23606797749979
47 146 2.23606797749979
109 312 2.23606797749979
62 109 2.23606797749979
141 397 2.23606797749979
83 130 2.23606797749979
47 264 2.23606797749979
190 213 2.23606797749979
51 380 2.23606797749979
51 180 2.23606797749979
194 288 2.23606797749979
111 316 2.23606797749979
79 239 2.23606797749979
288 316 2.1213203435596424
96 368 2.1213203435596424
195 355 2.1213203435596424
52 312 2.1213203435596424
156 338 2.1213203435596424
126 216 2.1213203435596424
195 255 2.1213203435596424
96 235 2.1213203435596424
9 156 2.1213203435596424
119 195 2.1213203435596424
142 246 2.1213203435596424
46 268 2.1213203435596424
25 297 2.1213203435596424
79 206 2.1213203435596424
76 191 2.1213203435596424
13 141 2.1213203435596424
25 302 2.1213203435596424
117 208 2.1213203435596424
213 265 2.1213203435596424
74 316 2.1213203435596424
80 265 2.1213203435596424
64 74 2.1213203435596424
232 236 2.1213203435596424
70 156 2.1213203435596424
50 253 2.1213203435596424
123 285 2.1213203435596424
57 291 2.1213203435596424
118 338 2.1213203435596424
56 64 2.1213203435596424
25 300 2.1213203435596424
121 260 2.1213203435596424
66 234 2.1213203435596424
52 73 2.1213203435596424
52 106 2.1213203435596424
25 287 2.1213203435596424
264 346 2.1213203435596424
66 266 2.1213203435596424
199 264 2.1213203435596424
166 268 2.1213203435596424
83 316 2.1213203435596424
148 208 2.1213203435596424
73 83 2.1213203435596424
246 277 2.1213203435596424
268 411 2.1213203435596424
30 293 2.1213203435596424
266 296 2.1213203435596424
41 199 2.1213203435596424
108 116 2.1213203435596424
226 346 2.1213203435596424
136 191 2.1213203435596424
40 246 2.1213203435596424
31 191 2.1213203435596424
80 116 2.1213203435596424
52 234 2.1213203435596424
116 214 2.1213203435596424
155 296 2.1213203435596424
108 264 2.1213203435596424
268 397 2.1213203435596424
230 269 2.1213203435596424
234 301 2.1213203435596424
73 134 2.1213203435596424
109 273 2.1213203435596424
37 234 2.1213203435596424
172 208 2.1213203435596424
221 244 2.1213203435596424
47 246 2.1213203435596424
141 149 2.1213203435596424
265 279 2.1213203435596424
285 289 2.1213203435596424
76 175 2.1213203435596424
71 352 2.1213203435596424
46 122 2.1213203435596424
67 79 2.1213203435596424
64 343 2.1213203435596424
0 346 2.1213203435596424
259 397 2.1213203435596424
9 128 2.1213203435596424
66 121 2.1213203435596424
180 207 2.1213203435596424
239 268 2.1213203435596424
186 279 2.1213203435596424
264 318 2.1213203435596424
49 230 2.1213203435596424
221 269 2.1213203435596424
141 229 2.1213203435596424
121 296 2.1213203435596424
260 368 2.1213203435596424
197 214 2.1213203435596424
162 194 2.1213203435596424
191 307 2.1213203435596424
9 61 2.1213203435596424
51 250 2.1213203435596424
171 253 2.1213203435596424
42 268 2.1213203435596424
155 289 2.1213203435596424
56 265 2.1213203435596424
6 316 2.1213203435596424
188 191 2.1213203435596424
54 109 2.1213203435596424
51 101 2.1213203435596424
79 255 2.1213203435596424
265 338 2.1213203435596424
239 368 2.1213203435596424
40 247 2.1213203435596424
35 141 2.1213203435596424
37 191 2.1213203435596424
84 258 2.1213203435596424
244 305 2.1213203435596424
80 289 2.1213203435596424
76 312 2.1213203435596424
130 155 2.1213203435596424
93 338 2.1213203435596424
175 316 2.1213203435596424
25 159 2.1213203435596424
89 316 2.1213203435596424
51 54 2.1213203435596424
64 135 2.1213203435596424
116 266 2.1213203435596424
67 218 2.1213203435596424
80 255 2.1213203435596424
132 282 2.1213203435596424
235 368 2.1213203435596424
25 186 2.1213203435596424
85 171 2.1213203435596424
109 213 2.1213203435596424
159 258 2.1213203435596424
2 191 2.1213203435596424
79 288 2.1213203435596424
25 156 2.1213203435596424
268 284 2.1213203435596424
259 266 2.1213203435596424
84 316 2.1213203435596424
48 305 2.1213203435596424
134 312 2.1213203435596424
246 317 2.1213203435596424
34 188 2.1213203435596424
25 291 2.1213203435596424
118 246 2.1213203435596424
73 234 2.1213203435596424
176 352 2.1213203435596424
51 304 2.1213203435596424
76 208 2.1213203435596424
90 312 2.1213203435596424
108 151 2.1213203435596424
142 188 2.1213203435596424
21 25 2.1213203435596424
172 194 2.1213203435596424
155 232 2.1213203435596424
141 247 2.1213203435596424
19 268 2.1213203435596424
214 284 2.1213203435596424
25 169 2.1213203435596424
85 221 2.1213203435596424
51 287 2.1213203435596424
21 70 2.1213203435596424
111 195 2.1213203435596424
12 268 2.1213203435596424
108 305 2.1213203435596424
37 74 2.1213203435596424
33 258 2.1213203435596424
106 346 2.1213203435596424
43 352 2.1213203435596424
80 311 2.1213203435596424
174 191 2.1213203435596424
81 288 2.1213203435596424
279 291 2.1213203435596424
30 317 2.1213203435596424
34 109 2.1213203435596424
51 119 2.1213203435596424
195 214 2.1213203435596424
234 368 2.1213203435596424
61 141 2.1213203435596424
191 233 2.1213203435596424
20 103 2.1213203435596424
20 234 2.1213203435596424
90 155 2.1213203435596424
25 39 2.1213203435596424
208 411 2.0
142 288 2.0
34 70 2.0
117 254 2.0
206 316 2.0
103 176 2.0
195 385 2.0
25 77 2.0
3 191 2.0
82 258 2.0
106 132 2.0
214 273 2.0
141 168 2.0
229 230 2.0
11 208 2.0
132 268 2.0
108 119 2.0
128 279 2.0
50 266 2.0
108 121 2.0
25 178 2.0
2 109 2.0
90 354 2.0
182 258 2.0
49 144 2.0
109 174 2.0
71 191 2.0
226 262 2.0
54 265 2.0
50 109 2.0
70 266 2.0
79 204 2.0
162 264 2.0
21 195 2.0
195 317 2.0
151 273 2.0
172 312 2.0
111 239 2.0
162 265 2.0
103 321 2.0
255 264 2.0
79 163 2.0
142 251 2.0
264 332 2.0
66 108 2.0
368 385 2.0
264 273 2.0
90 244 2.0
184 268 2.0
61 79 2.0
79 162 2.0
64 111 2.0
76 296 2.0
57 109 2.0
128 317 2.0
101 208 2.0
265 285 2.0
90 153 2.0
51 368 2.0
34 174 2.0
89 103 2.0
64 151 2.0
21 397 2.0
138 141 2.0
119 162 2.0
122 235 2.0
84 268 2.0
111 268 2.0
37 208 2.0
34 193 2.0
63 79 2.0
52 259 2.0
70 109 2.0
25 247 2.0
51 65 2.0
230 259 2.0
253 264 2.0
214 289 2.0
60 64 2.0
70 288 2.0
25 82 2.0
213 230 2.0
37 268 2.0
37 79 2.0
109 291 2.0
25 187 2.0
57 266 2.0
116 195 2.0
91 108 2.0
58 260 2.0
134 322 2.0
25 81 2.0
172 234 2.0
248 258 2.0
25 408 2.0
79 169 2.0
9 162 2.0
50 319 2.0
136 268 2.0
258 291 2.0
48 264 2.0
46 397 2.0
296 338 2.0
70 76 2.0
52 123 2.0
64 136 2.0
268 393 2.0
50 244 2.0
64 221 2.0
25 184 2.0
30 69 2.0
74 151 2.0
199 266 2.0
118 191 2.0
39 260 2.0
9 117 2.0
121 191 2.0
25 385 2.0
118 268 2.0
317 346 2.0
106 234 2.0
9 66 2.0
50 379 2.0
50 89 2.0
25 298 2.0
265 287 2.0
191 229 2.0
194 368 2.0
234 250 2.0
181 258 2.0
235 239 2.0
246 355 2.0
234 314 2.0
106 264 2.0
74 273 2.0
51 314 2.0
197 260 2.0
9 211 2.0
146 305 2.0
88 120 2.0
25 235 2.0
132 234 2.0
30 195 2.0
130 312 2.0
104 258 2.0
69 118 2.0
40 265 2.0
109 354 2.0
34 194 2.0
51 226 2.0
1 258 2.0
90 288 2.0
76 108 2.0
234 281 2.0
93 260 2.0
169 260 2.0
265 354 2.0
285 311 2.0
225 226 2.0
123 197 2.0
25 102 2.0
85 289 2.0
255 312 2.0
191 227 2.0
71 141 2.0
117 130 2.0
48 265 2.0
76 246 2.0
230 233 2.0
96 208 2.0
51 230 2.0
268 300 2.0
194 233 2.0
50 239 2.0
37 338 2.0
79 189 2.0
54 305 2.0
91 312 2.0
273 403 2.0
25 142 2.0
33 51 2.0
102 279 2.0
214 266 2.0
239 379 2.0
195 273 2.0
62 268 2.0
202 266 2.0
247 259 2.0
79 86 2.0
69 268 2.0
9 54 2.0
108 285 2.0
13 151 2.0
316 346 2.0
368 379 2.0
259 354 2.0
135 141 2.0
70 134 2.0
293 346 2.0
9 90 2.0
195 253 2.0
73 188 2.0
169 268 2.0
103 226 2.0
80 379 2.0
149 191 2.0
