0 8 0.5
0 14 0.5
0 100 0.5
0 112 0.5
0 140 0.5
0 165 0.5
0 186 0.5
0 222 0.5
0 267 0.5
0 276 0.5
0 306 1.0
1 2 0.5
1 5 1.5
1 7 0.5
1 8 0.5
1 10 3.0
1 13 0.5
1 14 1.0
1 15 4.0
1 16 11.0
1 17 1.5
1 18 1.5
1 19 2.5
1 27 6.5
1 28 0.5
1 30 0.5
1 36 0.5
1 46 0.5
1 49 0.5
1 50 1.5
1 51 0.5
1 53 0.5
1 54 1.5
1 59 1.0
1 62 0.5
1 66 0.5
1 70 5.5
1 71 6.0
1 75 1.5
1 76 2.0
1 80 1.0
1 81 1.0
1 85 1.0
1 86 1.0
1 87 1.0
1 93 1.5
1 95 0.5
1 99 0.5
1 100 1.0
1 104 0.5
1 106 1.5
1 107 9.0
1 111 4.0
1 112 2.5
1 118 1.0
1 119 4.0
1 122 0.5
1 123 1.5
1 126 3.0
1 127 1.0
1 128 1.0
1 135 1.0
1 137 0.5
1 140 1.0
1 141 1.5
1 148 0.5
1 149 0.5
1 159 0.5
1 160 3.0
1 162 1.0
1 164 2.0
1 165 4.5
1 166 1.0
1 174 0.5
1 175 1.0
1 178 2.5
1 179 0.5
1 180 1.0
1 182 1.5
1 183 1.0
1 184 1.0
1 186 1.5
1 191 0.5
1 193 0.5
1 194 0.5
1 197 0.5
1 200 8.0
1 201 0.5
1 204 2.0
1 205 0.5
1 211 0.5
1 215 1.0
1 217 0.5
1 218 1.5
1 231 1.0
1 232 1.0
1 234 0.5
1 237 1.0
1 239 0.5
1 247 2.5
1 248 0.5
1 250 0.5
1 254 0.5
1 262 17.5
1 267 0.5
1 270 2.0
1 273 0.5
1 276 0.5
1 277 1.0
1 278 0.5
1 285 1.0
1 287 1.5
1 288 1.0
1 290 1.0
1 296 1.0
1 300 1.5
1 302 0.5
1 306 6.5
1 308 1.0
2 5 3.5
2 7 0.5
2 8 0.5
2 10 3.0
2 13 1.5
2 14 0.5
2 15 1.5
2 16 3.5
2 17 0.5
2 18 2.0
2 27 0.5
2 28 0.5
2 29 0.5
2 30 2.0
2 34 0.5
2 38 0.5
2 39 0.5
2 43 2.5
2 44 0.5
2 47 0.5
2 48 0.5
2 50 1.0
2 54 0.5
2 56 2.5
2 59 0.5
2 70 1.0
2 71 2.0
2 80 0.5
2 81 1.0
2 83 0.5
2 85 1.0
2 89 0.5
2 92 0.5
2 93 2.0
2 94 1.0
2 96 0.5
2 104 0.5
2 105 1.0
2 107 1.5
2 109 1.0
2 111 1.5
2 112 1.0
2 113 0.5
2 119 3.0
2 122 0.5
2 125 0.5
2 126 3.0
2 134 0.5
2 136 0.5
2 140 0.5
2 141 0.5
2 144 0.5
2 148 0.5
2 149 1.5
2 153 0.5
2 159 0.5
2 162 0.5
2 164 0.5
2 165 2.5
2 172 0.5
2 174 0.5
2 178 0.5
2 182 1.0
2 184 1.5
2 187 0.5
2 195 0.5
2 197 0.5
2 199 1.0
2 201 1.0
2 204 3.0
2 209 1.0
2 230 0.5
2 239 3.5
2 243 0.5
2 262 10.5
2 278 0.5
2 281 0.5
2 287 5.5
2 290 0.5
2 296 1.0
2 300 0.5
2 306 2.5
3 7 0.5
3 16 0.5
3 19 1.0
3 28 0.5
3 47 0.5
3 106 0.5
3 111 0.5
3 123 0.5
3 138 0.5
3 173 0.5
3 192 0.5
3 195 0.5
3 202 0.5
3 204 0.5
3 267 0.5
3 287 1.0
3 302 0.5
3 304 0.5
3 306 1.0
3 308 0.5
4 103 0.5
4 119 0.5
4 287 0.5
4 290 0.5
5 6 1.0
5 7 1.0
5 8 3.0
5 10 1.5
5 13 2.0
5 15 2.5
5 16 8.0
5 17 1.0
5 18 1.0
5 19 10.5
5 21 1.0
5 22 7.0
5 23 7.0
5 27 4.0
5 28 0.5
5 30 3.0
5 32 0.5
5 38 1.5
5 39 1.5
5 40 0.5
5 42 0.5
5 43 0.5
5 47 0.5
5 49 1.5
5 50 2.5
5 52 1.0
5 54 2.0
5 56 4.0
5 59 0.5
5 63 0.5
5 65 7.0
5 66 4.0
5 67 0.5
5 70 3.5
5 71 0.5
5 72 0.5
5 78 0.5
5 82 1.0
5 83 1.5
5 86 1.0
5 93 1.5
5 94 7.0
5 95 0.5
5 96 1.0
5 99 0.5
5 100 2.0
5 102 0.5
5 104 1.0
5 105 0.5
5 106 2.0
5 107 11.0
5 108 7.0
5 111 3.0
5 112 4.5
5 118 0.5
5 119 7.5
5 120 0.5
5 121 0.5
5 123 2.0
5 124 1.0
5 125 1.5
5 126 21.0
5 128 2.0
5 132 0.5
5 141 0.5
5 144 0.5
5 147 0.5
5 152 0.5
5 153 1.5
5 160 3.0
5 161 1.0
5 162 4.5
5 163 0.5
5 164 2.5
5 165 7.0
5 166 5.0
5 172 0.5
5 174 2.0
5 178 1.0
5 180 1.5
5 182 1.5
5 184 1.0
5 186 1.5
5 193 0.5
5 194 0.5
5 195 1.5
5 198 0.5
5 199 1.0
5 200 0.5
5 203 1.0
5 204 4.5
5 205 3.0
5 209 2.0
5 211 0.5
5 212 1.0
5 214 0.5
5 236 0.5
5 239 2.0
5 241 6.0
5 243 0.5
5 249 0.5
5 255 0.5
5 256 0.5
5 262 39.5
5 267 1.0
5 270 1.5
5 277 0.5
5 278 0.5
5 279 0.5
5 281 0.5
5 287 15.0
5 290 1.0
5 293 0.5
5 296 2.0
5 297 3.5
5 300 1.0
5 302 1.0
5 304 1.5
5 305 1.0
5 306 6.0
5 307 0.5
5 308 1.0
5 309 0.5
6 8 0.5
6 16 0.5
6 18 0.5
6 30 0.5
6 38 0.5
6 70 0.5
6 72 0.5
6 93 0.5
6 119 0.5
6 126 1.0
6 160 1.0
6 178 0.5
6 183 0.5
6 195 0.5
6 234 0.5
6 247 0.5
6 262 0.5
6 286 0.5
6 288 0.5
6 306 0.5
7 8 0.5
7 10 0.5
7 16 0.5
7 18 0.5
7 19 0.5
7 27 0.5
7 28 8.5
7 49 1.5
7 50 0.5
7 55 0.5
7 59 2.0
7 65 0.5
7 71 0.5
7 74 0.5
7 80 0.5
7 81 0.5
7 86 0.5
7 93 0.5
7 96 1.5
7 100 1.0
7 105 0.5
7 111 1.0
7 112 1.0
7 119 7.5
7 125 1.0
7 126 1.5
7 149 0.5
7 153 0.5
7 165 1.5
7 172 2.0
7 175 0.5
7 182 1.0
7 186 1.5
7 190 0.5
7 201 0.5
7 204 0.5
7 211 1.5
7 215 0.5
7 225 0.5
7 231 1.5
7 234 0.5
7 239 0.5
7 256 0.5
7 262 5.0
7 264 0.5
7 270 0.5
7 287 1.5
7 293 0.5
7 298 0.5
7 299 0.5
7 300 0.5
7 302 8.0
7 303 0.5
7 306 1.0
7 308 0.5
7 309 0.5
8 10 1.5
8 13 1.0
8 14 1.5
8 16 7.5
8 18 1.5
8 19 1.0
8 20 0.5
8 24 0.5
8 27 1.0
8 30 1.5
8 40 2.0
8 42 2.0
8 47 1.0
8 50 1.0
8 54 0.5
8 59 1.5
8 62 0.5
8 64 1.0
8 65 0.5
8 66 2.0
8 67 0.5
8 70 1.0
8 73 0.5
8 74 0.5
8 76 0.5
8 77 0.5
8 80 1.0
8 81 1.0
8 82 0.5
8 86 1.5
8 91 0.5
8 93 1.0
8 96 0.5
8 97 1.5
8 99 0.5
8 100 1.5
8 102 0.5
8 104 0.5
8 105 2.0
8 106 1.0
8 107 2.5
8 109 1.0
8 111 2.5
8 112 2.5
8 113 1.0
8 115 0.5
8 118 0.5
8 119 1.5
8 122 0.5
8 123 1.0
8 124 1.0
8 126 10.0
8 127 0.5
8 128 0.5
8 134 0.5
8 136 0.5
8 140 1.5
8 147 0.5
8 148 1.5
8 159 1.0
8 160 1.5
8 162 2.5
8 164 0.5
8 165 4.0
8 166 2.5
8 174 0.5
8 175 1.0
8 178 1.5
8 180 7.5
8 182 0.5
8 186 2.5
8 189 0.5
8 192 0.5
8 197 0.5
8 199 0.5
8 200 0.5
8 204 5.5
8 205 2.5
8 209 0.5
8 212 1.0
8 214 1.0
8 215 0.5
8 217 0.5
8 224 0.5
8 225 2.0
8 230 1.0
8 234 0.5
8 235 0.5
8 237 1.5
8 239 0.5
8 240 0.5
8 243 0.5
8 248 0.5
8 250 0.5
8 257 2.0
8 262 11.5
8 264 0.5
8 267 1.0
8 270 3.0
8 273 0.5
8 274 0.5
8 275 0.5
8 276 0.5
8 277 0.5
8 278 1.0
8 287 2.5
8 288 3.0
8 290 1.5
8 296 0.5
8 298 1.0
8 300 0.5
8 302 0.5
8 303 0.5
8 304 0.5
8 305 0.5
8 306 6.0
8 308 1.5
9 14 0.5
9 15 0.5
9 16 0.5
9 21 0.5
9 36 1.0
9 62 0.5
9 112 0.5
9 126 0.5
9 140 0.5
9 160 0.5
9 162 0.5
9 184 0.5
9 191 0.5
9 204 0.5
9 230 2.0
9 262 2.0
9 278 1.0
9 306 0.5
10 14 1.0
10 15 1.5
10 16 9.0
10 17 0.5
10 18 2.5
10 19 3.5
10 20 0.5
10 23 0.5
10 27 4.0
10 28 1.0
10 29 0.5
10 30 1.0
10 33 1.0
10 36 0.5
10 38 2.0
10 42 3.5
10 43 2.0
10 47 0.5
10 49 1.5
10 50 12.0
10 51 0.5
10 54 2.0
10 56 2.5
10 59 2.5
10 62 0.5
10 64 0.5
10 65 1.0
10 66 1.0
10 70 5.5
10 71 9.0
10 80 2.0
10 81 2.0
10 82 0.5
10 84 0.5
10 85 8.5
10 86 2.0
10 90 1.0
10 91 1.0
10 92 0.5
10 93 6.0
10 94 0.5
10 97 2.5
10 98 1.0
10 99 0.5
10 100 4.5
10 103 0.5
10 104 2.0
10 105 1.0
10 106 1.5
10 107 5.5
10 108 0.5
10 109 0.5
10 111 6.5
10 112 2.0
10 113 1.0
10 116 0.5
10 119 6.5
10 123 1.5
10 124 1.0
10 125 1.5
10 126 5.5
10 128 0.5
10 136 0.5
10 138 0.5
10 140 1.0
10 144 1.0
10 149 12.5
10 151 0.5
10 152 0.5
10 153 1.0
10 160 1.0
10 162 1.5
10 164 1.5
10 165 5.0
10 166 1.0
10 172 0.5
10 174 0.5
10 175 1.0
10 178 1.5
10 179 1.0
10 180 0.5
10 181 0.5
10 182 3.5
10 183 0.5
10 184 0.5
10 186 2.0
10 187 1.0
10 195 2.5
10 196 0.5
10 199 1.5
10 200 1.5
10 201 3.5
10 204 3.0
10 205 1.0
10 209 0.5
10 211 0.5
10 212 0.5
10 213 0.5
10 215 1.0
10 217 0.5
10 218 1.0
10 222 1.5
10 223 0.5
10 224 1.5
10 225 1.0
10 230 0.5
10 231 0.5
10 238 0.5
10 239 1.0
10 242 0.5
10 243 1.0
10 247 1.0
10 262 23.5
10 265 0.5
10 270 3.0
10 277 1.5
10 278 0.5
10 282 0.5
10 286 0.5
10 287 2.0
10 288 1.0
10 289 1.0
10 290 1.5
10 291 0.5
10 294 0.5
10 295 0.5
10 296 1.0
10 300 2.0
10 304 0.5
10 305 0.5
10 306 9.0
10 308 1.5
11 49 0.5
11 59 0.5
11 126 0.5
11 262 0.5
12 13 1.0
12 15 0.5
12 59 0.5
12 70 2.5
12 80 0.5
12 81 0.5
12 82 2.5
12 104 0.5
12 106 0.5
12 112 0.5
12 123 0.5
12 153 0.5
12 160 0.5
12 165 0.5
12 178 0.5
12 237 1.0
12 262 1.5
12 306 0.5
13 15 9.0
13 16 10.0
13 19 1.5
13 26 0.5
13 30 1.0
13 33 0.5
13 38 0.5
13 42 8.0
13 52 0.5
13 53 0.5
13 54 1.5
13 56 1.0
13 59 1.5
13 61 1.0
13 65 0.5
13 66 0.5
13 70 2.0
13 80 0.5
13 81 0.5
13 82 1.0
13 86 0.5
13 95 0.5
13 100 0.5
13 104 1.0
13 106 2.0
13 107 14.0
13 108 0.5
13 109 0.5
13 111 7.5
13 112 1.0
13 113 0.5
13 118 1.0
13 119 1.0
13 123 2.0
13 126 4.0
13 134 1.5
13 138 0.5
13 160 1.0
13 162 0.5
13 165 8.5
13 166 0.5
13 178 1.0
13 180 1.0
13 182 10.0
13 183 1.0
13 184 7.5
13 186 1.0
13 195 0.5
13 197 0.5
13 198 0.5
13 204 3.0
13 205 1.0
13 208 6.5
13 213 0.5
13 215 1.0
13 216 0.5
13 225 0.5
13 230 0.5
13 236 6.5
13 237 5.5
13 238 0.5
13 247 1.0
13 255 0.5
13 262 5.0
13 266 0.5
13 269 0.5
13 270 1.0
13 278 0.5
13 284 0.5
13 287 2.5
13 290 0.5
13 293 0.5
13 297 0.5
13 300 1.0
13 302 6.5
13 306 3.0
13 308 0.5
14 15 0.5
14 16 3.5
14 17 0.5
14 18 1.0
14 19 3.5
14 27 1.0
14 29 0.5
14 30 0.5
14 34 0.5
14 36 1.5
14 42 1.5
14 48 1.0
14 49 0.5
14 50 1.5
14 51 0.5
14 54 0.5
14 58 0.5
14 59 0.5
14 65 0.5
14 70 1.5
14 71 0.5
14 75 0.5
14 76 0.5
14 78 0.5
14 86 0.5
14 87 0.5
14 94 0.5
14 97 0.5
14 100 0.5
14 101 1.0
14 104 1.5
14 105 0.5
14 106 1.0
14 107 1.5
14 108 0.5
14 111 2.0
14 112 5.0
14 114 0.5
14 119 0.5
14 120 0.5
14 121 0.5
14 122 1.0
14 123 1.0
14 124 0.5
14 125 2.5
14 126 3.0
14 134 0.5
14 140 14.5
14 145 0.5
14 154 0.5
14 160 2.5
14 162 1.0
14 165 3.0
14 172 0.5
14 174 1.5
14 175 1.0
14 178 1.5
14 182 1.5
14 183 0.5
14 186 2.5
14 187 1.0
14 199 1.0
14 200 1.5
14 202 0.5
14 214 3.5
14 218 1.0
14 222 1.0
14 224 0.5
14 230 0.5
14 231 0.5
14 247 1.0
14 262 9.0
14 263 0.5
14 265 0.5
14 267 0.5
14 270 2.0
14 273 0.5
14 278 1.0
14 282 1.0
14 285 0.5
14 287 1.5
14 288 0.5
14 300 0.5
14 306 5.0
14 308 2.0
15 16 20.5
15 17 11.5
15 19 2.5
15 20 0.5
15 21 7.5
15 24 0.5
15 27 2.5
15 30 2.5
15 31 0.5
15 37 0.5
15 38 1.0
15 39 0.5
15 40 1.0
15 42 0.5
15 45 0.5
15 46 0.5
15 47 0.5
15 50 1.0
15 51 1.0
15 52 0.5
15 54 2.0
15 56 1.0
15 59 2.0
15 62 1.0
15 64 1.0
15 65 1.0
15 66 2.0
15 70 10.0
15 71 2.0
15 75 9.0
15 76 1.0
15 79 0.5
15 80 2.5
15 81 3.0
15 82 2.5
15 83 0.5
15 85 0.5
15 86 7.0
15 87 0.5
15 88 1.0
15 91 1.0
15 93 1.0
15 94 0.5
15 95 0.5
15 96 0.5
15 97 0.5
15 99 1.0
15 100 1.5
15 101 1.5
15 102 0.5
15 103 0.5
15 104 2.0
15 105 1.5
15 106 3.5
15 107 6.5
15 109 0.5
15 111 14.0
15 112 13.0
15 113 1.0
15 117 0.5
15 118 0.5
15 119 6.5
15 122 0.5
15 123 3.0
15 124 0.5
15 125 2.0
15 126 7.5
15 128 1.0
15 132 0.5
15 140 0.5
15 141 2.0
15 145 1.5
15 147 0.5
15 150 0.5
15 153 1.0
15 156 0.5
15 160 1.5
15 162 3.0
15 164 1.5
15 165 12.0
15 166 2.5
15 174 0.5
15 178 3.5
15 179 0.5
15 182 8.5
15 184 20.0
15 186 10.5
15 187 0.5
15 193 0.5
15 195 1.0
15 196 0.5
15 197 3.0
15 198 1.0
15 199 1.0
15 200 2.5
15 201 0.5
15 204 9.5
15 205 4.0
15 209 1.0
15 212 2.0
15 213 0.5
15 214 3.0
15 215 1.5
15 216 0.5
15 217 0.5
15 218 1.0
15 222 3.0
15 225 1.0
15 230 1.0
15 231 1.0
15 232 1.5
15 235 0.5
15 237 1.5
15 238 0.5
15 240 0.5
15 247 0.5
15 262 22.0
15 270 11.5
15 273 0.5
15 275 7.0
15 276 1.0
15 277 1.5
15 278 1.5
15 282 1.5
15 286 0.5
15 287 8.0
15 288 1.5
15 290 2.0
15 296 0.5
15 297 2.0
15 298 1.0
15 301 1.5
15 302 1.0
15 304 0.5
15 305 1.0
15 306 15.0
15 307 0.5
15 308 1.5
15 310 1.0
16 17 3.0
16 18 9.0
16 19 34.5
16 20 0.5
16 21 3.5
16 22 2.0
16 23 2.5
16 24 0.5
16 26 0.5
16 27 16.5
16 29 1.0
16 30 12.0
16 34 0.5
16 36 0.5
16 37 1.0
16 38 10.0
16 39 1.0
16 40 3.5
16 42 16.0
16 43 0.5
16 44 1.0
16 45 0.5
16 46 1.0
16 48 0.5
16 49 0.5
16 50 4.0
16 51 3.0
16 53 1.0
16 54 7.5
16 56 6.0
16 57 1.0
16 59 7.5
16 61 4.5
16 62 2.5
16 63 5.0
16 64 3.0
16 65 3.5
16 66 29.0
16 67 1.5
16 68 2.5
16 70 76.0
16 71 6.0
16 72 1.0
16 73 0.5
16 74 0.5
16 75 2.0
16 76 2.0
16 80 6.5
16 81 8.0
16 82 10.0
16 83 1.5
16 84 2.0
16 85 4.5
16 86 21.5
16 87 2.0
16 90 1.5
16 91 1.5
16 92 1.0
16 93 3.5
16 94 3.0
16 95 0.5
16 96 1.5
16 97 2.0
16 98 2.5
16 99 4.5
16 100 3.5
16 101 5.0
16 102 0.5
16 103 0.5
16 104 4.0
16 105 5.5
16 106 10.5
16 107 26.5
16 108 3.5
16 109 2.5
16 111 10.0
16 112 19.5
16 113 1.5
16 115 2.5
16 116 0.5
16 117 0.5
16 118 2.0
16 119 31.0
16 121 0.5
16 122 0.5
16 123 10.0
16 124 10.5
16 125 0.5
16 126 30.0
16 127 1.5
16 128 2.0
16 131 2.5
16 132 1.5
16 134 0.5
16 137 1.5
16 138 0.5
16 140 3.5
16 141 1.5
16 142 0.5
16 144 2.0
16 145 8.5
16 147 5.5
16 148 2.0
16 149 1.5
16 153 2.5
16 154 3.0
16 158 0.5
16 159 1.5
16 160 14.5
16 162 21.5
16 163 2.0
16 164 4.5
16 165 39.5
16 166 31.5
16 167 1.0
16 168 0.5
16 171 0.5
16 174 5.0
16 175 1.0
16 178 18.5
16 179 2.0
16 180 4.5
16 181 1.0
16 182 11.0
16 183 12.0
16 184 4.0
16 185 0.5
16 186 9.0
16 187 0.5
16 191 1.0
16 193 0.5
16 194 1.0
16 195 10.5
16 196 1.5
16 197 1.5
16 199 5.0
16 200 11.5
16 201 1.5
16 204 133.0
16 205 12.0
16 206 1.5
16 207 0.5
16 208 7.5
16 209 1.0
16 212 11.0
16 213 0.5
16 214 2.5
16 215 1.5
16 216 1.5
16 217 0.5
16 218 6.5
16 219 0.5
16 222 9.5
16 223 0.5
16 224 0.5
16 225 1.5
16 228 2.0
16 229 0.5
16 230 3.0
16 231 1.5
16 233 0.5
16 234 0.5
16 236 8.5
16 237 2.5
16 238 1.5
16 239 0.5
16 241 1.5
16 242 1.0
16 243 2.0
16 246 0.5
16 247 10.0
16 248 0.5
16 250 0.5
16 255 0.5
16 256 0.5
16 257 3.0
16 262 83.5
16 263 0.5
16 265 0.5
16 266 3.0
16 267 4.0
16 268 0.5
16 270 6.5
16 273 1.5
16 274 1.0
16 275 4.0
16 276 1.0
16 277 20.0
16 278 6.0
16 279 0.5
16 281 0.5
16 282 3.5
16 284 0.5
16 286 0.5
16 287 23.0
16 288 6.5
16 289 0.5
16 290 10.5
16 291 1.5
16 292 0.5
16 293 0.5
16 295 1.0
16 296 9.0
16 297 7.5
16 298 0.5
16 300 4.0
16 301 1.5
16 302 10.0
16 305 3.5
16 306 105.0
16 307 2.5
16 308 28.5
16 309 0.5
16 310 1.0
17 19 0.5
17 38 0.5
17 47 0.5
17 51 0.5
17 54 1.5
17 59 1.0
17 62 0.5
17 70 0.5
17 75 9.0
17 76 1.0
17 80 1.5
17 81 1.5
17 82 0.5
17 86 1.0
17 87 0.5
17 91 1.0
17 93 0.5
17 104 0.5
17 107 1.0
17 111 1.5
17 117 0.5
17 119 0.5
17 124 0.5
17 126 2.0
17 140 0.5
17 141 0.5
17 145 0.5
17 160 0.5
17 165 0.5
17 186 1.0
17 195 0.5
17 199 1.0
17 200 1.5
17 201 0.5
17 204 1.0
17 205 0.5
17 212 0.5
17 214 0.5
17 218 0.5
17 225 1.0
17 235 0.5
17 247 0.5
17 262 2.5
17 270 10.0
17 290 1.0
17 296 0.5
17 306 1.0
18 19 2.5
18 20 1.5
18 27 2.5
18 28 0.5
18 29 1.0
18 30 2.0
18 32 0.5
18 34 0.5
18 36 0.5
18 38 1.5
18 42 3.0
18 43 0.5
18 47 1.5
18 49 0.5
18 50 1.5
18 54 1.0
18 55 0.5
18 56 1.0
18 59 1.5
18 60 0.5
18 61 0.5
18 62 0.5
18 63 1.0
18 65 0.5
18 66 10.0
18 70 4.0
18 71 2.0
18 74 1.5
18 76 1.0
18 77 0.5
18 80 3.0
18 81 3.0
18 83 0.5
18 85 2.5
18 88 0.5
18 89 0.5
18 93 0.5
18 97 1.5
18 98 0.5
18 99 1.0
18 100 3.0
18 101 1.0
18 102 0.5
18 104 2.0
18 105 3.0
18 106 3.0
18 107 2.5
18 109 1.5
18 110 0.5
18 111 4.0
18 112 2.0
18 113 2.5
18 114 0.5
18 116 0.5
18 118 1.0
18 119 1.5
18 120 0.5
18 121 1.0
18 123 3.0
18 124 0.5
18 125 1.0
18 126 23.0
18 127 0.5
18 128 1.0
18 131 0.5
18 134 3.5
18 138 0.5
18 140 1.0
18 144 0.5
18 147 1.5
18 148 0.5
18 149 2.0
18 153 0.5
18 154 1.0
18 157 2.5
18 160 3.0
18 162 3.0
18 163 0.5
18 165 6.5
18 166 11.0
18 167 0.5
18 169 0.5
18 170 0.5
18 173 5.0
18 175 0.5
18 178 2.0
18 180 0.5
18 182 1.0
18 183 1.0
18 186 3.5
18 191 0.5
18 192 4.0
18 195 2.0
18 199 1.0
18 200 1.5
18 202 0.5
18 203 0.5
18 204 4.5
18 205 2.0
18 209 0.5
18 211 0.5
18 213 2.5
18 215 2.0
18 216 0.5
18 217 0.5
18 218 1.0
18 220 0.5
18 222 1.0
18 225 1.5
18 230 1.0
18 234 6.0
18 237 0.5
18 239 1.5
18 240 0.5
18 247 0.5
18 248 2.0
18 250 2.0
18 252 2.5
18 256 1.0
18 258 0.5
18 260 0.5
18 262 23.5
18 267 1.0
18 270 14.5
18 276 0.5
18 278 2.0
18 279 0.5
18 281 2.5
18 282 2.5
18 286 3.0
18 287 5.5
18 288 8.0
18 289 0.5
18 290 2.5
18 296 1.0
18 297 0.5
18 298 0.5
18 299 0.5
18 300 0.5
18 304 6.0
18 305 1.5
18 306 21.0
18 307 1.5
18 308 2.5
18 309 0.5
19 22 7.0
19 23 7.5
19 27 4.0
19 28 0.5
19 30 2.5
19 36 1.0
19 38 1.5
19 39 0.5
19 40 0.5
19 42 1.5
19 46 0.5
19 47 0.5
19 49 4.5
19 50 2.0
19 51 3.0
19 54 1.5
19 56 3.0
19 59 2.5
19 61 4.0
19 63 0.5
19 64 1.0
19 65 8.5
19 66 1.0
19 70 8.5
19 71 1.5
19 75 0.5
19 78 0.5
19 80 1.0
19 81 1.0
19 82 1.0
19 83 0.5
19 85 0.5
19 86 4.5
19 90 0.5
19 91 0.5
19 92 0.5
19 93 0.5
19 94 7.0
19 95 1.0
19 96 0.5
19 99 1.0
19 100 2.5
19 101 1.0
19 104 2.5
19 105 1.5
19 106 3.5
19 107 6.0
19 108 0.5
19 111 4.5
19 112 2.0
19 117 0.5
19 118 1.0
19 119 13.0
19 120 0.5
19 123 3.5
19 124 1.5
19 125 1.0
19 126 5.0
19 128 0.5
19 131 1.5
19 132 0.5
19 134 1.0
19 138 0.5
19 140 3.0
19 144 0.5
19 145 0.5
19 148 0.5
19 149 0.5
19 153 0.5
19 154 2.5
19 160 6.5
19 162 3.5
19 163 0.5
19 164 0.5
19 165 8.5
19 166 2.0
19 167 0.5
19 172 1.0
19 174 1.0
19 175 0.5
19 178 3.0
19 180 1.0
19 182 2.0
19 183 5.5
19 184 1.0
19 186 2.0
19 192 0.5
19 195 3.0
19 197 0.5
19 199 0.5
19 200 4.0
19 201 0.5
19 202 1.0
19 203 0.5
19 204 8.5
19 205 0.5
19 208 1.0
19 211 0.5
19 212 1.5
19 214 2.5
19 215 1.0
19 217 0.5
19 218 2.0
19 222 3.0
19 228 0.5
19 229 0.5
19 231 0.5
19 234 0.5
19 236 1.0
19 237 0.5
19 247 3.0
19 255 1.0
19 262 23.0
19 263 0.5
19 266 2.5
19 267 2.5
19 270 2.0
19 273 0.5
19 274 0.5
19 277 2.0
19 278 1.5
19 282 1.5
19 284 0.5
19 286 0.5
19 287 8.0
19 288 0.5
19 290 1.0
19 293 1.0
19 296 2.0
19 297 2.0
19 300 1.5
19 302 2.5
19 304 1.0
19 305 1.0
19 306 28.5
19 308 25.5
19 310 0.5
20 38 0.5
20 42 3.0
20 47 1.0
20 70 0.5
20 71 0.5
20 80 0.5
20 81 0.5
20 84 0.5
20 85 0.5
20 97 2.5
20 98 0.5
20 99 0.5
20 100 0.5
20 104 5.0
20 107 1.0
20 126 5.5
20 142 0.5
20 149 0.5
20 160 0.5
20 165 0.5
20 186 4.0
20 189 0.5
20 195 0.5
20 204 0.5
20 222 0.5
20 225 0.5
20 237 0.5
20 239 0.5
20 262 12.0
20 270 1.0
20 287 0.5
20 290 3.5
20 296 0.5
20 306 3.0
21 62 0.5
21 99 0.5
21 103 0.5
21 105 0.5
21 106 0.5
21 126 2.0
21 165 1.0
21 174 0.5
21 184 0.5
21 186 1.0
21 200 0.5
21 204 3.5
21 205 0.5
21 209 1.0
21 230 0.5
21 262 4.0
21 273 0.5
21 276 1.0
21 278 1.0
21 287 2.5
21 288 1.0
21 290 0.5
21 304 0.5
21 306 1.5
22 23 8.5
22 30 1.5
22 34 1.0
22 38 0.5
22 49 0.5
22 50 1.0
22 54 0.5
22 56 0.5
22 59 1.0
22 65 8.5
22 66 0.5
22 70 0.5
22 86 0.5
22 94 6.5
22 99 0.5
22 100 0.5
22 107 1.5
22 112 0.5
22 119 4.0
22 126 3.0
22 133 0.5
22 162 1.5
22 165 0.5
22 166 1.0
22 180 0.5
22 182 0.5
22 183 0.5
22 186 0.5
22 195 0.5
22 203 0.5
22 204 1.5
22 262 2.0
22 277 0.5
22 296 0.5
22 297 1.5
22 300 1.0
22 304 0.5
22 305 0.5
22 306 1.0
22 308 0.5
23 30 0.5
23 38 1.0
23 39 1.0
23 43 0.5
23 49 0.5
23 54 0.5
23 56 0.5
23 65 18.5
23 66 0.5
23 81 0.5
23 83 2.0
23 86 0.5
23 88 0.5
23 93 0.5
23 94 6.5
23 99 0.5
23 100 1.5
23 106 0.5
23 107 1.0
23 111 2.5
23 116 1.5
23 119 14.5
23 120 0.5
23 126 8.5
23 133 0.5
23 134 0.5
23 154 0.5
23 162 1.0
23 165 1.0
23 166 1.0
23 180 0.5
23 183 0.5
23 186 0.5
23 195 1.0
23 201 0.5
23 203 0.5
23 204 1.5
23 205 0.5
23 228 0.5
23 229 0.5
23 232 0.5
23 262 2.5
23 270 0.5
23 277 0.5
23 296 0.5
23 297 2.0
23 304 0.5
23 305 0.5
23 306 1.0
23 308 1.0
24 30 0.5
24 42 0.5
24 50 0.5
24 55 1.0
24 59 1.0
24 70 0.5
24 83 0.5
24 105 0.5
24 106 0.5
24 107 7.5
24 111 2.0
24 113 0.5
24 119 0.5
24 123 0.5
24 124 0.5
24 125 0.5
24 126 0.5
24 128 0.5
24 144 0.5
24 147 0.5
24 160 0.5
24 165 1.0
24 174 0.5
24 186 0.5
24 199 0.5
24 204 0.5
24 231 0.5
24 262 1.5
24 278 0.5
24 291 0.5
24 293 0.5
24 296 0.5
24 306 1.0
26 42 0.5
26 82 0.5
26 107 1.0
26 119 0.5
26 126 0.5
26 130 0.5
26 165 0.5
26 208 0.5
26 212 0.5
26 213 0.5
26 236 0.5
26 247 1.5
26 302 0.5
27 28 0.5
27 29 0.5
27 30 8.5
27 38 1.5
27 39 0.5
27 43 0.5
27 44 0.5
27 50 5.0
27 54 1.0
27 56 1.5
27 61 0.5
27 63 1.0
27 64 0.5
27 66 22.0
27 67 1.0
27 68 0.5
27 70 12.0
27 71 12.5
27 76 0.5
27 80 2.0
27 81 2.5
27 82 1.0
27 83 1.0
27 86 1.5
27 91 0.5
27 93 1.5
27 99 2.0
27 100 1.0
27 101 1.5
27 104 3.0
27 105 4.5
27 106 4.0
27 107 6.0
27 108 1.0
27 110 0.5
27 111 4.0
27 112 32.0
27 118 0.5
27 119 25.0
27 123 3.5
27 124 2.0
27 126 17.0
27 128 3.5
27 134 1.0
27 140 1.0
27 145 1.0
27 147 6.5
27 149 0.5
27 150 1.0
27 152 2.0
27 153 0.5
27 154 0.5
27 160 4.5
27 162 21.0
27 163 0.5
27 164 1.5
27 165 9.0
27 166 23.0
27 174 2.5
27 178 5.5
27 179 0.5
27 180 2.5
27 182 0.5
27 183 1.0
27 184 0.5
27 186 8.0
27 188 0.5
27 195 1.5
27 197 2.0
27 200 0.5
27 201 0.5
27 204 3.0
27 205 3.0
27 212 1.0
27 214 0.5
27 216 0.5
27 222 1.0
27 234 0.5
27 236 0.5
27 237 1.5
27 239 0.5
27 243 5.5
27 247 1.0
27 254 1.0
27 262 47.5
27 266 0.5
27 273 0.5
27 276 0.5
27 277 2.5
27 278 4.5
27 282 1.0
27 285 0.5
27 287 5.5
27 288 2.5
27 290 7.0
27 296 2.0
27 297 1.0
27 300 2.5
27 302 1.0
27 304 1.0
27 305 1.0
27 306 17.0
27 308 4.5
28 47 0.5
28 50 0.5
28 55 0.5
28 71 1.0
28 74 0.5
28 80 0.5
28 81 0.5
28 85 0.5
28 93 0.5
28 96 0.5
28 97 0.5
28 100 1.0
28 105 0.5
28 111 0.5
28 112 0.5
28 119 1.5
28 125 0.5
28 126 2.0
28 138 1.0
28 149 1.0
28 165 1.0
28 175 0.5
28 182 0.5
28 186 0.5
28 190 0.5
28 193 0.5
28 195 1.0
28 201 0.5
28 202 0.5
28 225 1.0
28 231 0.5
28 239 0.5
28 262 2.0
28 267 0.5
28 270 1.0
28 300 0.5
28 302 1.5
28 306 1.0
29 48 0.5
29 50 0.5
29 59 0.5
29 94 0.5
29 99 0.5
29 112 0.5
29 119 0.5
29 122 0.5
29 126 0.5
29 128 0.5
29 140 0.5
29 148 0.5
29 154 0.5
29 162 0.5
29 165 0.5
29 178 0.5
29 182 0.5
29 187 0.5
29 199 0.5
29 204 1.0
29 237 0.5
29 239 0.5
29 278 3.0
29 297 0.5
29 306 1.0
29 308 0.5
29 309 0.5
30 34 1.0
30 38 0.5
30 43 0.5
30 46 1.0
30 49 1.0
30 50 5.5
30 55 0.5
30 56 2.0
30 57 0.5
30 59 1.5
30 62 0.5
30 65 1.0
30 66 5.5
30 69 0.5
30 70 7.0
30 71 1.5
30 80 3.0
30 81 3.5
30 82 2.0
30 83 0.5
30 85 0.5
30 86 2.5
30 90 0.5
30 92 0.5
30 93 0.5
30 95 0.5
30 96 0.5
30 99 1.0
30 100 1.0
30 101 0.5
30 103 0.5
30 104 3.0
30 105 1.5
30 106 1.0
30 107 4.0
30 108 0.5
30 111 3.5
30 112 8.5
30 113 0.5
30 114 0.5
30 116 0.5
30 118 1.0
30 119 9.5
30 120 0.5
30 124 1.5
30 125 1.5
30 126 7.5
30 128 4.0
30 131 0.5
30 133 0.5
30 134 0.5
30 137 0.5
30 140 0.5
30 141 1.5
30 144 0.5
30 147 4.5
30 148 0.5
30 153 1.0
30 154 0.5
30 159 0.5
30 160 2.0
30 162 9.5
30 163 0.5
30 164 0.5
30 165 3.5
30 166 6.0
30 167 2.5
30 170 0.5
30 171 0.5
30 174 3.0
30 178 4.5
30 180 2.0
30 182 0.5
30 183 1.5
30 184 0.5
30 186 2.5
30 191 0.5
30 195 0.5
30 199 1.0
30 200 0.5
30 201 0.5
30 204 5.0
30 205 0.5
30 208 0.5
30 209 0.5
30 212 2.0
30 227 0.5
30 228 1.0
30 234 1.0
30 240 0.5
30 242 0.5
30 247 0.5
30 255 0.5
30 256 1.0
30 257 1.5
30 262 15.5
30 267 0.5
30 268 0.5
30 270 1.0
30 275 0.5
30 276 0.5
30 277 0.5
30 278 1.5
30 282 1.0
30 285 0.5
30 286 0.5
30 287 8.0
30 288 2.5
30 290 3.0
30 293 0.5
30 295 1.0
30 296 1.5
30 297 0.5
30 300 1.5
30 301 0.5
30 302 1.0
30 305 0.5
30 306 8.0
30 308 1.5
30 309 0.5
31 80 0.5
31 81 0.5
31 82 0.5
31 94 0.5
31 96 1.5
31 105 0.5
31 111 0.5
31 165 0.5
31 212 0.5
31 222 0.5
31 278 0.5
31 297 0.5
31 298 3.5
32 47 0.5
32 93 0.5
32 126 0.5
32 306 0.5
32 307 0.5
33 50 0.5
33 80 0.5
33 81 0.5
33 94 0.5
33 104 1.0
33 111 1.0
33 112 0.5
33 114 0.5
33 119 0.5
33 126 0.5
33 134 0.5
33 152 1.0
33 153 0.5
33 187 0.5
33 214 0.5
34 38 0.5
34 42 0.5
34 50 6.5
34 54 0.5
34 56 0.5
34 59 0.5
34 70 0.5
34 80 0.5
34 81 0.5
34 93 1.0
34 104 0.5
34 105 0.5
34 106 0.5
34 107 1.5
34 111 0.5
34 112 1.5
34 123 0.5
34 125 0.5
34 126 1.0
34 128 0.5
34 140 0.5
34 148 0.5
34 160 0.5
34 165 0.5
34 173 0.5
34 178 0.5
34 182 0.5
34 186 1.0
34 195 0.5
34 200 0.5
34 201 1.0
34 204 0.5
34 222 0.5
34 262 0.5
34 267 0.5
34 273 0.5
34 278 0.5
34 287 0.5
34 289 0.5
34 300 1.5
34 304 0.5
34 306 1.5
35 119 0.5
35 126 0.5
35 169 0.5
36 38 0.5
36 48 1.0
36 49 1.0
36 56 0.5
36 72 0.5
36 86 0.5
36 99 0.5
36 105 0.5
36 107 0.5
36 112 0.5
36 119 1.5
36 120 0.5
36 122 1.0
36 125 0.5
36 126 0.5
36 139 0.5
36 140 1.5
36 154 0.5
36 162 1.0
36 165 0.5
36 174 0.5
36 175 0.5
36 180 0.5
36 182 0.5
36 186 0.5
36 195 0.5
36 200 1.0
36 214 0.5
36 230 1.0
36 262 4.0
36 287 0.5
36 290 0.5
36 306 1.0
37 48 0.5
37 59 1.0
37 70 2.5
37 80 0.5
37 81 1.0
37 82 1.0
37 86 0.5
37 106 1.0
37 111 0.5
37 119 0.5
37 122 0.5
37 123 1.0
37 145 0.5
37 160 0.5
37 187 0.5
37 199 0.5
37 204 0.5
37 212 1.0
37 218 0.5
37 288 0.5
37 306 1.5
38 40 1.0
38 42 3.0
38 43 0.5
38 44 0.5
38 47 0.5
38 48 0.5
38 49 2.0
38 50 1.5
38 51 0.5
38 54 1.0
38 56 1.0
38 59 1.0
38 64 0.5
38 65 2.5
38 66 2.0
38 67 0.5
38 70 3.0
38 71 0.5
38 72 0.5
38 80 0.5
38 81 0.5
38 82 1.0
38 83 1.0
38 84 0.5
38 85 0.5
38 86 3.0
38 91 0.5
38 94 0.5
38 97 0.5
38 98 0.5
38 100 1.0
38 104 0.5
38 106 4.0
38 107 2.0
38 109 0.5
38 111 1.0
38 112 1.0
38 113 0.5
38 119 4.5
38 122 0.5
38 123 2.5
38 124 0.5
38 125 0.5
38 126 3.5
38 127 0.5
38 128 0.5
38 134 0.5
38 144 0.5
38 145 0.5
38 149 0.5
38 152 0.5
38 153 0.5
38 154 0.5
38 157 0.5
38 160 1.0
38 162 1.0
38 164 0.5
38 165 2.0
38 166 2.5
38 167 0.5
38 173 0.5
38 174 0.5
38 178 1.5
38 182 2.0
38 184 0.5
38 186 1.0
38 195 32.5
38 199 0.5
38 204 8.0
38 205 0.5
38 206 0.5
38 210 0.5
38 212 1.0
38 213 0.5
38 214 0.5
38 215 1.5
38 230 0.5
38 231 0.5
38 234 0.5
38 238 0.5
38 245 0.5
38 262 13.0
38 270 0.5
38 277 0.5
38 285 0.5
38 287 1.5
38 288 1.0
38 290 0.5
38 296 0.5
38 299 0.5
38 300 0.5
38 304 1.0
38 306 4.5
38 308 0.5
39 65 1.0
39 70 1.0
39 81 1.0
39 83 9.5
39 94 0.5
39 100 0.5
39 104 0.5
39 107 1.0
39 108 0.5
39 119 2.5
39 120 0.5
39 125 1.0
39 126 1.0
39 164 0.5
39 165 2.5
39 178 0.5
39 186 0.5
39 214 1.5
39 222 0.5
39 231 0.5
39 241 0.5
39 243 0.5
39 256 0.5
39 262 3.0
39 267 0.5
39 270 0.5
39 289 0.5
39 297 3.5
39 306 1.0
40 42 0.5
40 62 0.5
40 64 0.5
40 66 1.0
40 70 1.0
40 83 0.5
40 86 0.5
40 99 1.0
40 104 0.5
40 105 0.5
40 107 0.5
40 111 0.5
40 112 0.5
40 119 1.5
40 126 6.0
40 136 0.5
40 137 0.5
40 153 0.5
40 159 0.5
40 160 5.5
40 165 0.5
40 166 1.0
40 178 5.5
40 180 1.0
40 184 0.5
40 186 0.5
40 204 3.0
40 205 1.0
40 215 0.5
40 225 0.5
40 237 0.5
40 243 0.5
40 262 2.5
40 270 0.5
40 275 1.0
40 276 0.5
40 278 0.5
40 288 0.5
40 290 0.5
40 301 0.5
40 305 0.5
40 306 2.0
40 308 1.0
41 42 1.5
41 56 0.5
41 59 0.5
41 71 1.0
41 85 1.0
41 96 0.5
41 111 0.5
41 147 0.5
41 159 0.5
41 160 0.5
41 162 0.5
41 165 1.0
41 174 0.5
41 178 0.5
41 205 0.5
41 210 1.0
41 262 2.0
41 287 1.0
41 289 1.5
41 298 0.5
42 44 0.5
42 47 2.0
42 50 2.5
42 53 0.5
42 54 4.5
42 56 0.5
42 57 0.5
42 59 4.0
42 61 1.0
42 62 0.5
42 70 2.5
42 79 0.5
42 80 1.5
42 81 1.5
42 83 0.5
42 84 1.0
42 86 1.0
42 88 0.5
42 93 1.0
42 97 5.0
42 98 12.5
42 100 0.5
42 104 2.5
42 105 1.0
42 106 1.0
42 107 20.5
42 108 0.5
42 111 8.5
42 113 1.0
42 118 0.5
42 119 6.0
42 120 0.5
42 122 0.5
42 123 1.0
42 124 0.5
42 126 7.5
42 134 0.5
42 137 0.5
42 138 1.0
42 140 1.5
42 141 1.0
42 144 1.0
42 147 0.5
42 149 0.5
42 154 1.0
42 159 0.5
42 160 2.0
42 162 1.0
42 165 14.0
42 174 0.5
42 176 0.5
42 177 0.5
42 178 1.5
42 180 1.0
42 182 3.5
42 183 1.0
42 186 2.5
42 191 0.5
42 192 0.5
42 195 3.5
42 199 1.0
42 200 0.5
42 201 0.5
42 204 8.5
42 205 3.0
42 206 0.5
42 208 6.5
42 213 0.5
42 214 0.5
42 216 0.5
42 217 1.0
42 218 0.5
42 222 1.0
42 224 2.5
42 228 0.5
42 232 0.5
42 236 6.5
42 237 0.5
42 240 0.5
42 241 0.5
42 247 1.0
42 257 0.5
42 258 0.5
42 262 40.5
42 265 1.0
42 266 0.5
42 269 0.5
42 270 2.5
42 273 0.5
42 277 0.5
42 278 1.0
42 287 13.5
42 289 6.0
42 291 0.5
42 293 1.5
42 296 0.5
42 300 0.5
42 302 6.5
42 304 1.5
42 306 6.0
42 308 1.0
43 50 0.5
43 65 0.5
43 70 0.5
43 93 2.0
43 107 0.5
43 111 0.5
43 112 0.5
43 116 0.5
43 119 0.5
43 121 0.5
43 128 0.5
43 182 0.5
43 186 0.5
43 195 0.5
43 201 1.5
43 204 0.5
43 205 0.5
43 262 3.0
43 273 0.5
43 287 0.5
43 288 1.0
43 290 0.5
43 306 0.5
44 54 0.5
44 56 0.5
44 63 0.5
44 70 0.5
44 80 0.5
44 81 0.5
44 84 0.5
44 86 0.5
44 104 1.0
44 106 2.5
44 107 1.5
44 111 0.5
44 119 1.0
44 123 2.0
44 125 0.5
44 126 2.5
44 160 1.0
44 162 0.5
44 165 2.0
44 174 0.5
44 178 1.0
44 182 0.5
44 186 0.5
44 191 0.5
44 194 0.5
44 195 0.5
44 204 1.0
44 243 0.5
44 262 3.5
44 305 0.5
44 306 3.0
45 66 0.5
45 70 0.5
45 105 0.5
45 112 0.5
45 165 0.5
45 166 0.5
45 179 0.5
45 186 0.5
45 222 0.5
45 278 0.5
45 306 1.0
46 49 0.5
46 70 1.5
46 75 0.5
46 82 0.5
46 93 0.5
46 100 1.5
46 111 7.0
46 112 1.5
46 119 1.0
46 125 0.5
46 131 0.5
46 144 0.5
46 153 1.0
46 162 1.5
46 165 1.0
46 183 0.5
46 199 0.5
46 200 0.5
46 204 0.5
46 212 0.5
46 227 1.0
46 231 0.5
46 262 1.0
46 270 0.5
46 277 0.5
46 287 1.0
46 302 8.5
46 306 0.5
46 308 0.5
47 56 0.5
47 59 0.5
47 62 0.5
47 71 0.5
47 73 0.5
47 75 0.5
47 85 0.5
47 86 0.5
47 91 0.5
47 93 0.5
47 97 2.0
47 100 1.0
47 104 0.5
47 105 0.5
47 111 0.5
47 113 0.5
47 118 0.5
47 119 1.0
47 126 2.5
47 138 0.5
47 149 0.5
47 160 1.0
47 162 0.5
47 165 0.5
47 173 1.0
47 186 1.0
47 191 0.5
47 192 0.5
47 195 1.0
47 202 0.5
47 209 0.5
47 258 0.5
47 262 5.5
47 267 0.5
47 270 1.5
47 282 0.5
47 286 0.5
47 287 0.5
47 288 0.5
47 290 1.0
47 296 0.5
47 300 0.5
47 304 1.5
47 306 3.5
47 307 0.5
48 53 0.5
48 56 0.5
48 59 1.0
48 70 0.5
48 86 0.5
48 94 0.5
48 105 0.5
48 106 0.5
48 111 1.5
48 118 0.5
48 119 1.0
48 122 7.5
48 123 0.5
48 125 0.5
48 126 1.0
48 134 0.5
48 139 0.5
48 140 1.0
48 175 0.5
48 180 0.5
48 182 1.0
48 186 0.5
48 187 5.0
48 195 0.5
48 199 5.0
48 204 0.5
48 214 0.5
48 257 0.5
48 262 3.5
48 278 0.5
48 290 0.5
48 306 1.0
49 50 1.0
49 56 0.5
49 59 18.0
49 62 0.5
49 64 0.5
49 65 2.5
49 83 0.5
49 85 0.5
49 93 0.5
49 101 0.5
49 104 0.5
49 106 1.5
49 107 2.0
49 111 1.0
49 113 0.5
49 119 15.0
49 120 1.0
49 123 1.0
49 126 8.5
49 128 0.5
49 140 0.5
49 141 0.5
49 144 0.5
49 154 0.5
49 159 0.5
49 160 2.0
49 165 5.0
49 172 9.5
49 174 0.5
49 178 1.0
49 186 1.0
49 193 0.5
49 195 2.5
49 199 0.5
49 201 0.5
49 204 0.5
49 205 0.5
49 211 7.5
49 214 0.5
49 215 2.0
49 228 0.5
49 231 1.5
49 242 0.5
49 255 0.5
49 262 30.0
49 282 0.5
49 285 0.5
49 287 1.5
49 293 0.5
49 295 0.5
49 300 0.5
49 302 2.0
49 304 0.5
49 306 1.5
49 307 0.5
49 308 1.0
50 51 0.5
50 53 0.5
50 54 1.0
50 56 1.0
50 59 3.5
50 66 1.0
50 67 0.5
50 70 2.5
50 71 2.0
50 76 0.5
50 78 1.0
50 80 2.5
50 81 2.5
50 82 1.0
50 85 0.5
50 86 2.0
50 92 1.0
50 93 4.0
50 97 0.5
50 100 5.0
50 101 0.5
50 104 1.5
50 105 0.5
50 106 1.0
50 107 5.0
50 108 0.5
50 111 6.0
50 112 4.0
50 119 6.0
50 120 1.0
50 122 0.5
50 123 1.0
50 124 0.5
50 125 2.0
50 126 6.5
50 128 22.0
50 140 1.0
50 144 1.0
50 148 1.0
50 149 1.5
50 152 0.5
50 153 0.5
50 159 0.5
50 160 3.5
50 162 3.0
50 165 6.5
50 166 1.5
50 167 0.5
50 172 1.0
50 173 0.5
50 174 1.0
50 178 3.0
50 179 0.5
50 180 1.0
50 182 1.0
50 186 3.0
50 195 1.5
50 199 1.0
50 200 1.5
50 201 2.5
50 204 2.5
50 205 0.5
50 211 0.5
50 212 1.0
50 214 1.0
50 222 1.0
50 224 0.5
50 238 0.5
50 239 0.5
50 256 0.5
50 262 15.0
50 265 1.5
50 267 0.5
50 268 0.5
50 270 0.5
50 273 0.5
50 276 0.5
50 277 0.5
50 278 1.0
50 282 0.5
50 287 4.5
50 289 0.5
50 297 0.5
50 298 0.5
50 300 3.0
50 304 0.5
50 305 0.5
50 306 4.0
50 309 0.5
51 54 0.5
51 70 3.0
51 75 0.5
51 86 2.0
51 91 0.5
51 100 0.5
51 101 0.5
51 106 1.0
51 117 0.5
51 123 1.0
51 140 0.5
51 160 3.0
51 182 0.5
51 183 0.5
51 184 0.5
51 195 0.5
51 200 0.5
51 214 0.5
51 218 1.0
51 262 1.0
51 263 0.5
51 270 0.5
51 282 0.5
51 306 2.0
52 70 0.5
52 103 0.5
52 107 1.0
52 108 1.0
52 111 0.5
52 118 0.5
52 126 1.0
52 164 0.5
52 182 0.5
52 184 0.5
52 205 1.5
52 241 1.0
52 262 1.0
52 270 0.5
52 290 0.5
52 297 0.5
53 54 1.0
53 59 1.0
53 70 1.0
53 86 0.5
53 106 0.5
53 107 1.0
53 122 0.5
53 125 0.5
53 126 0.5
53 128 0.5
53 160 0.5
53 164 0.5
53 165 0.5
53 178 0.5
53 179 1.0
53 182 1.0
53 186 1.0
53 208 0.5
53 213 0.5
53 214 0.5
53 236 0.5
53 257 0.5
53 258 0.5
53 262 2.0
53 297 0.5
53 302 0.5
53 305 0.5
53 306 1.5
54 56 1.5
54 59 2.0
54 65 0.5
54 66 0.5
54 70 1.5
54 71 1.5
54 75 1.0
54 76 1.0
54 80 2.0
54 81 2.0
54 85 1.5
54 86 1.0
54 87 0.5
54 88 0.5
54 90 1.0
54 93 2.0
54 94 0.5
54 96 0.5
54 98 0.5
54 100 0.5
54 101 0.5
54 104 0.5
54 105 0.5
54 106 1.0
54 107 5.0
54 108 1.0
54 111 4.5
54 112 5.0
54 119 4.5
54 120 0.5
54 123 0.5
54 125 0.5
54 126 6.0
54 134 1.5
54 140 0.5
54 144 0.5
54 149 0.5
54 151 0.5
54 152 0.5
54 153 0.5
54 160 1.0
54 162 2.5
54 164 1.5
54 165 4.5
54 166 0.5
54 174 0.5
54 178 1.5
54 180 1.0
54 182 1.5
54 183 1.0
54 184 0.5
54 186 1.0
54 189 0.5
54 191 0.5
54 194 1.0
54 195 1.0
54 199 0.5
54 200 1.5
54 201 1.0
54 204 2.5
54 205 1.0
54 208 1.0
54 214 1.5
54 216 0.5
54 218 0.5
54 222 1.0
54 236 2.0
54 237 0.5
54 241 0.5
54 243 4.5
54 247 0.5
54 257 1.0
54 262 22.5
54 263 0.5
54 270 3.5
54 282 0.5
54 287 3.5
54 288 1.0
54 289 1.0
54 290 1.0
54 296 1.5
54 297 0.5
54 300 1.5
54 302 1.0
54 305 2.0
54 306 2.0
55 56 0.5
55 59 0.5
55 69 0.5
55 83 0.5
55 88 0.5
55 93 0.5
55 96 0.5
55 101 0.5
55 105 0.5
55 106 0.5
55 107 1.0
55 113 1.0
55 119 0.5
55 123 0.5
55 126 0.5
55 144 0.5
55 160 1.0
55 165 0.5
55 169 0.5
55 178 0.5
55 195 0.5
55 199 0.5
55 201 0.5
55 216 0.5
55 222 0.5
55 231 0.5
55 262 2.0
55 278 0.5
55 282 0.5
55 298 0.5
55 299 0.5
55 302 0.5
55 306 0.5
56 57 0.5
56 59 1.5
56 62 0.5
56 63 0.5
56 64 0.5
56 65 1.0
56 66 0.5
56 69 0.5
56 70 1.5
56 71 0.5
56 72 1.0
56 80 2.0
56 81 2.5
56 84 0.5
56 85 0.5
56 86 2.0
56 90 0.5
56 92 0.5
56 93 3.0
56 94 0.5
56 96 0.5
56 99 0.5
56 101 1.0
56 103 1.5
56 104 0.5
56 105 1.5
56 106 1.5
56 107 9.5
56 111 3.5
56 112 1.5
56 113 0.5
56 114 1.0
56 118 1.0
56 119 11.5
56 122 0.5
56 123 1.5
56 124 0.5
56 126 4.5
56 128 0.5
56 129 0.5
56 137 0.5
56 138 0.5
56 147 1.0
56 148 0.5
56 153 0.5
56 159 0.5
56 160 1.0
56 162 5.5
56 164 0.5
56 165 2.5
56 166 0.5
56 173 0.5
56 174 2.5
56 175 0.5
56 178 8.0
56 180 0.5
56 182 1.5
56 183 1.0
56 184 0.5
56 186 1.5
56 195 1.5
56 196 1.0
56 198 0.5
56 199 0.5
56 200 0.5
56 201 1.5
56 204 3.0
56 205 2.5
56 212 0.5
56 213 0.5
56 214 0.5
56 222 0.5
56 224 1.0
56 228 1.0
56 231 8.0
56 236 0.5
56 237 1.0
56 239 1.5
56 243 0.5
56 247 1.0
56 255 0.5
56 262 17.0
56 267 0.5
56 270 1.0
56 277 0.5
56 278 1.0
56 282 0.5
56 287 7.0
56 288 0.5
56 289 0.5
56 290 2.0
56 293 0.5
56 296 0.5
56 300 1.0
56 302 0.5
56 304 0.5
56 305 1.0
56 306 6.5
56 308 1.5
57 59 0.5
57 71 0.5
57 72 1.5
57 85 0.5
57 86 0.5
57 87 0.5
57 90 0.5
57 93 0.5
57 96 0.5
57 111 1.0
57 112 0.5
57 113 0.5
57 118 1.0
57 119 2.0
57 137 6.0
57 147 0.5
57 153 0.5
57 160 1.0
57 167 0.5
57 171 0.5
57 178 1.0
57 186 0.5
57 191 0.5
57 199 0.5
57 204 1.0
57 231 0.5
57 256 0.5
57 257 1.5
57 262 0.5
57 270 0.5
57 290 0.5
57 296 3.0
57 298 0.5
57 302 0.5
57 306 6.0
58 160 0.5
58 178 0.5
58 262 0.5
59 62 0.5
59 65 1.0
59 66 0.5
59 70 4.5
59 71 1.0
59 72 1.0
59 75 1.0
59 76 1.0
59 80 2.0
59 81 2.0
59 82 0.5
59 83 0.5
59 84 0.5
59 85 0.5
59 88 0.5
59 91 0.5
59 96 1.0
59 98 0.5
59 99 0.5
59 100 1.5
59 101 1.0
59 104 1.0
59 106 4.0
59 107 6.5
59 111 10.0
59 112 2.0
59 113 0.5
59 118 0.5
59 119 34.5
59 120 1.5
59 121 0.5
59 122 1.0
59 123 3.5
59 125 0.5
59 126 10.0
59 128 1.0
59 137 1.5
59 140 0.5
59 147 1.0
59 148 0.5
59 160 0.5
59 162 1.5
59 165 9.0
59 166 0.5
59 167 0.5
59 172 29.0
59 174 1.0
59 178 3.0
59 179 0.5
59 180 0.5
59 182 1.0
59 186 8.0
59 187 0.5
59 195 1.0
59 199 0.5
59 200 1.0
59 204 4.0
59 205 2.5
59 208 1.0
59 210 0.5
59 211 9.5
59 215 0.5
59 222 1.5
59 228 0.5
59 231 3.0
59 232 0.5
59 236 1.0
59 237 0.5
59 242 0.5
59 243 0.5
59 257 1.5
59 262 53.0
59 270 1.5
59 272 0.5
59 277 0.5
59 278 0.5
59 282 1.0
59 285 0.5
59 287 2.0
59 288 0.5
59 290 1.5
59 293 0.5
59 295 1.0
59 296 0.5
59 297 0.5
59 298 0.5
59 300 0.5
59 301 0.5
59 302 3.0
59 304 0.5
59 305 0.5
59 306 7.0
59 308 1.0
59 309 0.5
60 76 0.5
60 112 0.5
60 118 0.5
60 126 0.5
60 160 0.5
60 162 0.5
60 178 0.5
60 200 0.5
60 205 0.5
60 253 0.5
60 270 0.5
60 305 0.5
61 70 1.5
61 86 0.5
61 107 1.0
61 108 0.5
61 112 1.0
61 119 1.0
61 131 0.5
61 162 0.5
61 165 1.5
61 182 1.0
61 183 4.0
61 186 1.0
61 200 0.5
61 208 1.0
61 218 0.5
61 222 0.5
61 236 1.0
61 247 3.0
61 262 1.0
61 266 2.5
61 290 0.5
61 296 1.0
61 302 1.0
61 306 2.0
61 308 2.5
62 66 1.5
62 73 0.5
62 75 0.5
62 100 1.0
62 103 0.5
62 105 1.0
62 107 1.0
62 116 0.5
62 119 0.5
62 120 0.5
62 126 6.0
62 131 0.5
62 137 0.5
62 148 0.5
62 160 0.5
62 165 2.0
62 166 1.5
62 174 0.5
62 183 1.0
62 184 0.5
62 199 0.5
62 204 2.0
62 205 1.0
62 208 0.5
62 209 0.5
62 230 0.5
62 236 0.5
62 237 0.5
62 242 0.5
62 247 0.5
62 262 4.5
62 270 1.0
62 276 0.5
62 278 1.0
62 282 0.5
62 286 0.5
62 287 1.5
62 290 5.0
62 306 1.0
63 65 0.5
63 66 1.0
63 70 0.5
63 80 0.5
63 81 0.5
63 86 1.0
63 99 1.0
63 100 0.5
63 105 0.5
63 106 2.0
63 107 0.5
63 112 4.0
63 119 1.5
63 123 2.0
63 124 0.5
63 126 1.5
63 153 0.5
63 154 0.5
63 160 0.5
63 162 1.5
63 164 0.5
63 165 1.5
63 166 1.0
63 174 2.0
63 178 1.0
63 194 0.5
63 204 2.0
63 262 3.5
63 270 0.5
63 277 2.5
63 278 0.5
63 287 1.5
63 302 0.5
63 306 3.5
63 308 1.0
64 70 0.5
64 80 1.0
64 81 1.0
64 82 0.5
64 85 0.5
64 86 1.0
64 101 0.5
64 104 0.5
64 106 1.5
64 109 0.5
64 119 1.5
64 123 1.5
64 153 0.5
64 164 1.0
64 165 3.5
64 174 0.5
64 184 0.5
64 195 1.0
64 204 2.0
64 212 1.0
64 214 0.5
64 217 0.5
64 222 1.0
64 225 0.5
64 230 0.5
64 243 0.5
64 256 0.5
64 262 2.5
64 267 0.5
64 270 0.5
64 274 0.5
64 277 0.5
64 282 0.5
64 287 1.0
64 288 0.5
64 300 0.5
64 305 0.5
64 306 1.5
64 308 7.5
64 310 0.5
65 66 0.5
65 70 0.5
65 80 0.5
65 81 1.0
65 83 2.0
65 86 0.5
65 88 0.5
65 93 0.5
65 94 6.5
65 99 0.5
65 100 2.0
65 102 0.5
65 103 0.5
65 106 1.0
65 107 2.0
65 111 3.0
65 112 0.5
65 113 0.5
65 116 1.5
65 118 0.5
65 119 17.5
65 120 0.5
65 123 0.5
65 124 0.5
65 126 11.5
65 133 0.5
65 134 0.5
65 140 0.5
65 144 0.5
65 153 0.5
65 154 0.5
65 160 1.0
65 162 1.0
65 164 0.5
65 165 3.0
65 166 1.0
65 167 0.5
65 172 1.0
65 178 0.5
65 180 0.5
65 183 0.5
65 186 2.0
65 195 2.5
65 199 0.5
65 201 0.5
65 203 0.5
65 204 1.5
65 205 0.5
65 211 0.5
65 215 0.5
65 228 1.0
65 229 0.5
65 231 2.0
65 232 0.5
65 234 1.0
65 237 0.5
65 262 7.0
65 270 0.5
65 277 0.5
65 287 9.0
65 288 0.5
65 296 0.5
65 297 2.0
65 302 0.5
65 304 0.5
65 305 0.5
65 306 2.5
65 308 2.0
66 67 1.0
66 68 3.5
66 70 31.5
66 71 0.5
66 76 0.5
66 82 0.5
66 86 2.0
66 93 0.5
66 94 0.5
66 99 2.0
66 100 1.0
66 101 4.0
66 104 2.0
66 105 11.0
66 106 1.0
66 107 4.5
66 108 3.0
66 109 0.5
66 110 0.5
66 111 0.5
66 112 7.5
66 118 1.0
66 119 12.0
66 123 1.0
66 124 5.0
66 126 27.5
66 128 1.0
66 131 0.5
66 132 1.5
66 147 4.5
66 149 0.5
66 152 0.5
66 153 1.5
66 154 0.5
66 159 0.5
66 160 2.0
66 162 4.5
66 163 2.5
66 164 4.0
66 165 1.5
66 166 98.5
66 168 0.5
66 174 0.5
66 178 6.5
66 179 1.0
66 180 0.5
66 183 1.0
66 186 4.0
66 195 2.0
66 200 1.0
66 201 0.5
66 204 1.5
66 205 0.5
66 212 0.5
66 222 1.0
66 230 0.5
66 233 0.5
66 237 1.0
66 241 2.0
66 247 0.5
66 254 1.0
66 262 21.5
66 277 1.0
66 278 10.0
66 282 1.0
66 286 0.5
66 287 1.5
66 290 6.0
66 296 2.0
66 297 1.0
66 298 0.5
66 300 1.0
66 305 0.5
66 306 37.0
66 308 0.5
67 70 2.0
67 82 0.5
67 101 0.5
67 112 0.5
67 119 0.5
67 126 1.0
67 160 0.5
67 165 0.5
67 166 1.0
67 178 0.5
67 195 0.5
67 204 0.5
67 212 0.5
67 306 1.5
68 70 2.5
68 71 0.5
68 126 0.5
68 132 0.5
68 163 0.5
68 166 4.0
68 262 0.5
68 306 2.5
69 262 0.5
70 71 4.0
70 72 1.0
70 75 0.5
70 80 5.0
70 81 6.0
70 82 9.0
70 83 1.5
70 84 4.5
70 85 2.5
70 86 11.5
70 87 0.5
70 90 0.5
70 91 2.0
70 92 0.5
70 96 1.5
70 97 0.5
70 99 4.5
70 100 3.0
70 101 4.0
70 102 0.5
70 103 0.5
70 104 4.0
70 105 4.0
70 106 10.0
70 107 13.0
70 108 3.0
70 109 0.5
70 110 1.0
70 111 7.5
70 112 12.0
70 113 1.0
70 117 0.5
70 118 1.5
70 119 19.0
70 120 2.0
70 121 0.5
70 122 0.5
70 123 9.5
70 124 5.5
70 125 1.0
70 126 19.5
70 127 1.0
70 128 1.5
70 131 1.0
70 132 2.5
70 134 0.5
70 140 1.5
70 141 2.0
70 144 1.0
70 145 1.5
70 147 5.0
70 148 0.5
70 149 2.0
70 153 2.0
70 154 0.5
70 158 0.5
70 160 5.5
70 162 7.0
70 163 1.0
70 164 3.5
70 165 12.0
70 166 33.5
70 174 2.5
70 178 7.0
70 179 2.0
70 180 1.0
70 181 0.5
70 182 6.0
70 183 4.0
70 184 1.5
70 185 0.5
70 186 5.5
70 187 0.5
70 193 0.5
70 194 0.5
70 195 3.5
70 196 1.0
70 197 0.5
70 199 1.5
70 200 3.5
70 202 0.5
70 204 15.0
70 205 2.5
70 207 0.5
70 208 0.5
70 212 6.5
70 213 0.5
70 214 2.0
70 216 1.0
70 218 10.5
70 219 0.5
70 222 1.5
70 228 3.5
70 230 0.5
70 233 0.5
70 236 1.0
70 237 1.5
70 239 0.5
70 241 1.5
70 243 1.0
70 247 2.5
70 254 0.5
70 256 0.5
70 257 2.0
70 262 43.0
70 263 0.5
70 266 0.5
70 267 1.5
70 268 0.5
70 270 2.5
70 273 1.5
70 275 4.0
70 276 1.0
70 277 5.5
70 278 1.5
70 279 0.5
70 281 0.5
70 282 3.0
70 286 0.5
70 287 5.0
70 288 2.5
70 289 0.5
70 290 6.0
70 291 0.5
70 292 0.5
70 295 0.5
70 296 2.5
70 297 2.0
70 298 1.0
70 300 2.0
70 302 2.0
70 305 1.5
70 306 84.0
70 307 1.0
70 308 3.5
71 80 1.0
71 81 1.0
71 84 0.5
71 85 23.5
71 90 9.0
71 92 0.5
71 93 0.5
71 96 0.5
71 97 1.0
71 99 1.0
71 104 0.5
71 105 1.0
71 106 1.0
71 107 1.0
71 109 0.5
71 110 0.5
71 111 2.5
71 112 1.5
71 113 0.5
71 119 7.0
71 121 0.5
71 123 1.0
71 124 1.0
71 125 1.0
71 126 1.0
71 128 1.5
71 137 0.5
71 138 0.5
71 140 0.5
71 141 0.5
71 144 1.0
71 145 0.5
71 149 8.5
71 154 0.5
71 160 0.5
71 162 1.0
71 164 1.5
71 165 3.5
71 166 1.0
71 178 1.5
71 180 0.5
71 184 1.0
71 186 1.5
71 195 1.0
71 199 1.0
71 204 2.5
71 205 0.5
71 209 0.5
71 210 1.0
71 222 0.5
71 225 1.0
71 230 0.5
71 239 1.0
71 256 1.0
71 262 15.0
71 268 0.5
71 270 10.0
71 273 0.5
71 277 1.0
71 278 0.5
71 279 0.5
71 281 0.5
71 282 0.5
71 286 0.5
71 287 1.0
71 288 0.5
71 290 10.0
71 291 0.5
71 296 12.0
71 298 0.5
71 300 1.0
71 302 0.5
71 304 0.5
71 306 6.5
71 308 1.5
72 86 0.5
72 93 0.5
72 99 0.5
72 107 0.5
72 112 0.5
72 118 1.0
72 119 2.5
72 124 0.5
72 126 0.5
72 137 1.5
72 162 0.5
72 165 0.5
72 186 0.5
72 195 0.5
72 200 0.5
72 204 0.5
72 231 0.5
72 257 1.0
72 277 0.5
72 287 0.5
72 306 2.5
73 118 0.5
73 126 0.5
73 204 0.5
73 270 1.0
73 290 0.5
74 102 0.5
74 105 0.5
74 106 0.5
74 107 0.5
74 123 0.5
74 126 0.5
74 165 0.5
74 204 0.5
74 225 0.5
74 248 0.5
74 250 0.5
74 262 1.0
74 270 0.5
74 288 0.5
74 306 1.0
75 76 1.0
75 82 0.5
75 86 0.5
75 87 0.5
75 91 0.5
75 93 0.5
75 96 0.5
75 100 0.5
75 104 1.0
75 111 1.5
75 113 0.5
75 117 0.5
75 119 0.5
75 125 0.5
75 126 1.5
75 140 0.5
75 160 1.0
75 186 1.5
75 200 1.5
75 201 0.5
75 204 0.5
75 212 0.5
75 218 0.5
75 235 0.5
75 247 0.5
75 262 1.5
75 270 9.0
75 290 0.5
75 296 0.5
75 298 0.5
75 302 0.5
75 305 0.5
75 306 0.5
76 86 0.5
76 101 0.5
76 111 0.5
76 115 0.5
76 126 1.0
76 140 0.5
76 160 1.0
76 166 0.5
76 178 1.0
76 182 1.0
76 183 0.5
76 186 0.5
76 200 5.5
76 204 1.0
76 205 0.5
76 247 0.5
76 262 1.5
76 265 0.5
76 270 1.0
76 287 0.5
76 290 0.5
76 296 0.5
77 100 0.5
77 105 0.5
77 109 0.5
77 111 0.5
77 126 0.5
77 134 0.5
77 192 0.5
77 230 0.5
77 239 0.5
77 240 0.5
77 267 0.5
77 270 0.5
77 288 0.5
78 101 0.5
78 112 0.5
78 125 0.5
78 165 0.5
78 178 0.5
78 282 0.5
78 287 0.5
78 300 0.5
79 88 0.5
79 119 0.5
79 146 0.5
79 180 0.5
79 232 0.5
79 240 1.5
79 262 0.5
80 81 56.0
80 82 4.5
80 83 0.5
80 85 0.5
80 86 3.5
80 92 0.5
80 96 0.5
80 99 0.5
80 101 0.5
80 102 1.0
80 104 7.5
80 105 2.0
80 106 2.0
80 107 4.5
80 109 0.5
80 111 4.0
80 112 7.5
80 118 0.5
80 119 5.5
80 123 2.0
80 124 1.0
80 125 1.0
80 126 4.5
80 128 1.0
80 141 2.0
80 147 2.0
80 148 0.5
80 149 1.0
80 152 1.0
80 153 6.5
80 154 0.5
80 157 5.0
80 160 7.0
80 162 1.5
80 164 1.5
80 165 7.0
80 167 0.5
80 173 0.5
80 174 1.0
80 175 0.5
80 178 2.5
80 180 0.5
80 183 0.5
80 186 0.5
80 189 0.5
80 195 0.5
80 196 0.5
80 200 1.0
80 204 3.0
80 205 3.0
80 212 4.0
80 213 2.0
80 214 1.0
80 215 2.0
80 216 0.5
80 218 0.5
80 222 3.0
80 225 1.0
80 230 0.5
80 231 0.5
80 236 0.5
80 237 1.5
80 239 0.5
80 243 2.0
80 247 0.5
80 256 0.5
80 257 1.5
80 262 26.5
80 268 0.5
80 270 7.5
80 275 1.0
80 277 0.5
80 278 2.0
80 282 1.5
80 286 1.0
80 287 2.5
80 289 0.5
80 290 1.0
80 297 1.5
80 298 1.5
80 300 1.0
80 304 0.5
80 305 2.0
80 306 8.5
80 308 2.0
81 82 5.0
81 83 1.5
81 85 0.5
81 86 3.5
81 92 0.5
81 94 0.5
81 99 0.5
81 101 0.5
81 102 1.0
81 104 8.0
81 105 3.0
81 106 2.5
81 107 4.5
81 109 0.5
81 111 5.5
81 112 8.5
81 118 0.5
81 119 7.0
81 123 2.5
81 124 1.0
81 125 1.0
81 126 4.5
81 128 1.0
81 141 2.0
81 144 0.5
81 147 2.0
81 148 0.5
81 149 1.0
81 152 1.0
81 153 6.5
81 154 0.5
81 157 5.0
81 160 7.5
81 162 2.0
81 164 2.0
81 165 8.0
81 166 0.5
81 167 0.5
81 173 0.5
81 174 1.0
81 175 0.5
81 178 2.5
81 180 0.5
81 183 0.5
81 186 0.5
81 189 0.5
81 194 0.5
81 195 0.5
81 196 0.5
81 199 0.5
81 200 1.0
81 204 4.5
81 205 5.0
81 212 6.5
81 213 2.0
81 214 1.0
81 215 2.0
81 216 0.5
81 218 0.5
81 222 3.0
81 225 1.0
81 230 0.5
81 231 0.5
81 236 0.5
81 237 1.0
81 239 0.5
81 243 2.0
81 247 0.5
81 256 0.5
81 257 1.5
81 262 28.0
81 268 0.5
81 270 8.0
81 275 1.0
81 277 1.0
81 278 3.0
81 282 1.5
81 286 1.0
81 287 4.5
81 289 0.5
81 290 1.0
81 297 15.0
81 298 1.0
81 300 2.0
81 304 0.5
81 305 2.0
81 306 9.5
81 308 2.0
82 84 1.5
82 86 5.5
82 93 0.5
82 94 0.5
82 96 0.5
82 100 0.5
82 104 0.5
82 105 2.0
82 106 3.5
82 107 4.0
82 108 0.5
82 109 0.5
82 111 1.5
82 112 6.5
82 119 2.0
82 123 3.5
82 124 0.5
82 125 0.5
82 126 3.0
82 128 1.0
82 131 0.5
82 145 3.0
82 147 1.5
82 148 0.5
82 152 0.5
82 153 1.0
82 160 1.0
82 162 0.5
82 164 0.5
82 165 5.5
82 166 0.5
82 178 1.0
82 183 0.5
82 186 1.5
82 195 1.0
82 196 0.5
82 197 0.5
82 199 1.0
82 200 0.5
82 201 0.5
82 204 0.5
82 205 0.5
82 212 26.5
82 214 0.5
82 218 0.5
82 222 1.0
82 225 1.0
82 230 0.5
82 236 0.5
82 237 1.0
82 241 0.5
82 242 1.0
82 243 0.5
82 247 0.5
82 257 1.5
82 262 12.0
82 270 1.0
82 275 5.0
82 277 2.0
82 278 0.5
82 284 0.5
82 287 2.0
82 288 0.5
82 290 0.5
82 296 0.5
82 297 1.0
82 298 1.0
82 302 0.5
82 306 9.0
82 308 1.5
83 94 0.5
83 100 0.5
83 104 0.5
83 105 0.5
83 106 0.5
83 107 2.0
83 108 0.5
83 112 0.5
83 113 0.5
83 119 10.5
83 120 0.5
83 125 1.0
83 126 2.0
83 144 0.5
83 157 0.5
83 160 1.0
83 162 0.5
83 164 0.5
83 165 5.5
83 172 0.5
83 178 1.0
83 179 0.5
83 186 0.5
83 195 1.0
83 199 0.5
83 213 0.5
83 214 1.5
83 222 0.5
83 231 0.5
83 241 0.5
83 243 0.5
83 256 0.5
83 262 7.0
83 267 0.5
83 270 1.0
83 278 0.5
83 289 0.5
83 297 3.5
83 304 0.5
83 306 1.5
84 85 0.5
84 86 1.5
84 97 0.5
84 105 1.5
84 106 1.5
84 107 0.5
84 119 2.5
84 123 1.5
84 126 1.0
84 149 0.5
84 165 0.5
84 195 0.5
84 204 2.0
84 212 1.5
84 228 2.0
84 262 3.5
84 275 2.5
84 277 0.5
84 306 2.0
85 86 1.0
85 90 9.0
85 92 0.5
85 93 0.5
85 96 0.5
85 97 1.0
85 99 1.0
85 105 0.5
85 106 0.5
85 109 0.5
85 111 1.5
85 112 1.0
85 113 0.5
85 119 6.5
85 121 0.5
85 123 0.5
85 124 1.0
85 125 0.5
85 126 2.5
85 128 0.5
85 137 0.5
85 138 0.5
85 141 1.0
85 144 1.0
85 149 8.0
85 154 0.5
85 160 1.0
85 162 1.0
85 164 1.0
85 165 11.0
85 178 1.5
85 180 0.5
85 182 1.0
85 186 0.5
85 195 1.0
85 199 1.0
85 204 3.5
85 205 0.5
85 209 0.5
85 210 1.0
85 215 0.5
85 222 1.0
85 225 1.0
85 230 0.5
85 231 0.5
85 239 0.5
85 256 1.0
85 262 8.0
85 268 0.5
85 270 10.0
85 282 0.5
85 286 0.5
85 287 1.0
85 288 0.5
85 290 9.0
85 291 0.5
85 296 11.0
85 298 0.5
85 302 0.5
85 304 0.5
85 306 4.5
85 308 1.0
86 92 0.5
86 93 0.5
86 94 0.5
86 97 0.5
86 98 0.5
86 99 1.5
86 100 1.5
86 101 1.5
86 105 1.5
86 106 6.5
86 107 2.0
86 109 0.5
86 111 3.0
86 112 6.0
86 113 2.0
86 117 0.5
86 119 3.5
86 122 0.5
86 123 6.5
86 126 3.0
86 128 1.5
86 137 0.5
86 140 0.5
86 144 1.0
86 145 0.5
86 147 1.5
86 153 1.5
86 159 0.5
86 160 5.0
86 162 1.5
86 164 1.0
86 165 7.5
86 166 2.5
86 174 0.5
86 178 3.0
86 180 1.0
86 182 1.0
86 183 1.0
86 184 1.5
86 192 0.5
86 194 0.5
86 195 3.5
86 199 2.0
86 200 1.0
86 204 9.5
86 205 3.5
86 212 6.0
86 214 1.5
86 215 0.5
86 218 2.0
86 222 2.5
86 224 0.5
86 230 0.5
86 231 1.0
86 243 1.0
86 247 0.5
86 257 1.5
86 258 0.5
86 262 18.0
86 263 0.5
86 264 0.5
86 266 0.5
86 267 0.5
86 270 0.5
86 274 0.5
86 275 3.0
86 277 2.5
86 282 1.0
86 286 0.5
86 287 1.5
86 288 1.0
86 289 0.5
86 290 1.5
86 296 0.5
86 297 0.5
86 299 0.5
86 302 0.5
86 303 0.5
86 305 1.0
86 306 18.0
86 308 2.5
87 93 0.5
87 104 1.0
87 107 1.0
87 119 1.5
87 124 0.5
87 126 1.0
87 137 0.5
87 140 0.5
87 141 0.5
87 145 0.5
87 153 0.5
87 160 0.5
87 162 0.5
87 183 0.5
87 191 0.5
87 200 0.5
87 201 0.5
87 204 0.5
87 214 1.0
87 243 0.5
87 247 0.5
87 256 0.5
87 262 1.5
87 270 0.5
87 278 0.5
87 302 0.5
87 306 1.5
88 112 0.5
88 113 0.5
88 119 1.5
88 126 0.5
88 153 0.5
88 160 0.5
88 162 0.5
88 169 0.5
88 182 0.5
88 186 0.5
88 216 0.5
88 225 0.5
88 232 3.0
88 240 1.0
88 262 0.5
88 270 0.5
88 272 0.5
88 296 1.0
88 299 0.5
88 302 0.5
88 305 0.5
89 109 0.5
89 281 0.5
89 287 0.5
89 306 0.5
90 92 0.5
90 99 0.5
90 111 1.0
90 124 1.0
90 126 0.5
90 137 0.5
90 144 0.5
90 149 1.0
90 154 0.5
90 160 0.5
90 162 0.5
90 164 0.5
90 165 1.0
90 178 0.5
90 199 0.5
90 204 1.0
90 205 0.5
90 262 1.0
90 268 0.5
90 270 9.0
90 287 0.5
90 290 8.5
90 296 11.0
90 302 0.5
90 306 2.0
90 308 0.5
91 106 0.5
91 107 0.5
91 111 0.5
91 119 0.5
91 123 0.5
91 125 0.5
91 126 0.5
91 127 0.5
91 160 0.5
91 165 1.5
91 178 0.5
91 182 1.5
91 183 0.5
91 195 0.5
91 204 0.5
91 207 0.5
91 218 1.0
91 225 0.5
91 247 0.5
91 262 3.0
91 270 1.5
91 275 0.5
91 287 0.5
91 306 1.5
92 93 0.5
92 99 1.0
92 104 0.5
92 106 0.5
92 111 1.0
92 119 2.5
92 123 0.5
92 124 0.5
92 126 1.0
92 128 0.5
92 131 0.5
92 148 0.5
92 149 0.5
92 153 0.5
92 160 0.5
92 162 0.5
92 165 2.0
92 174 0.5
92 175 0.5
92 183 0.5
92 186 0.5
92 189 0.5
92 200 0.5
92 204 0.5
92 205 0.5
92 216 1.0
92 237 1.5
92 238 0.5
92 257 0.5
92 262 2.0
92 268 4.0
92 270 1.0
92 287 0.5
92 290 1.5
92 296 1.0
92 300 0.5
92 306 4.0
92 308 0.5
93 96 0.5
93 100 0.5
93 101 0.5
93 104 1.0
93 105 1.0
93 106 0.5
93 107 2.5
93 111 3.0
93 116 0.5
93 119 3.5
93 123 0.5
93 124 0.5
93 126 3.0
93 128 1.5
93 131 0.5
93 136 0.5
93 137 0.5
93 144 1.5
93 149 0.5
93 153 1.0
93 159 1.0
93 160 0.5
93 165 3.5
93 166 0.5
93 176 1.0
93 179 0.5
93 180 0.5
93 182 1.5
93 183 0.5
93 186 1.0
93 191 0.5
93 199 1.5
93 200 1.0
93 201 21.0
93 204 1.0
93 205 0.5
93 212 0.5
93 213 0.5
93 216 0.5
93 222 0.5
93 231 1.0
93 237 0.5
93 238 0.5
93 262 8.0
93 270 1.0
93 278 1.0
93 282 0.5
93 284 0.5
93 287 0.5
93 288 1.0
93 289 0.5
93 294 0.5
93 300 2.5
93 302 1.0
93 306 5.5
93 307 1.0
93 308 0.5
94 100 0.5
94 105 0.5
94 106 0.5
94 119 1.0
94 122 0.5
94 126 1.0
94 140 0.5
94 152 0.5
94 162 1.0
94 164 0.5
94 165 1.0
94 166 1.0
94 180 1.0
94 186 0.5
94 187 0.5
94 195 0.5
94 199 0.5
94 203 0.5
94 204 2.0
94 212 1.0
94 247 0.5
94 262 3.5
94 277 0.5
94 278 1.0
94 287 0.5
94 296 0.5
94 297 2.0
94 298 0.5
94 304 0.5
94 305 0.5
94 306 0.5
94 308 0.5
95 106 0.5
95 107 0.5
95 111 0.5
95 123 0.5
95 182 0.5
95 184 0.5
95 204 0.5
95 270 0.5
95 287 0.5
95 306 0.5
96 100 0.5
96 107 1.5
96 111 2.5
96 119 8.0
96 121 0.5
96 125 0.5
96 126 8.5
96 137 0.5
96 138 0.5
96 147 0.5
96 153 0.5
96 165 3.0
96 174 1.0
96 178 0.5
96 180 0.5
96 190 0.5
96 201 0.5
96 204 1.0
96 210 0.5
96 212 0.5
96 218 0.5
96 222 0.5
96 228 0.5
96 231 0.5
96 239 0.5
96 262 3.5
96 270 0.5
96 273 0.5
96 284 0.5
96 287 1.0
96 288 0.5
96 293 0.5
96 296 0.5
96 298 11.0
96 299 0.5
96 302 0.5
96 305 0.5
96 306 1.5
96 308 0.5
96 309 0.5
97 100 1.0
97 104 0.5
97 113 0.5
97 126 2.0
97 138 1.0
97 140 0.5
97 149 1.5
97 160 0.5
97 162 0.5
97 165 1.0
97 177 0.5
97 186 1.5
97 195 1.5
97 204 2.0
97 205 0.5
97 214 0.5
97 217 0.5
97 222 0.5
97 224 1.5
97 225 2.0
97 262 6.0
97 265 0.5
97 270 2.5
97 287 0.5
97 290 1.5
97 296 0.5
97 304 1.0
97 306 9.0
97 307 1.5
98 107 10.5
98 111 1.5
98 119 1.0
98 124 0.5
98 126 0.5
98 154 1.0
98 165 0.5
98 178 1.0
98 195 0.5
98 204 2.0
98 205 0.5
98 206 0.5
98 262 12.5
98 270 0.5
98 287 11.0
98 306 0.5
98 308 0.5
99 101 1.0
99 104 0.5
99 106 0.5
99 107 1.5
99 111 1.0
99 112 2.0
99 119 4.5
99 121 0.5
99 123 0.5
99 124 0.5
99 125 0.5
99 126 3.0
99 131 0.5
99 133 0.5
99 142 0.5
99 149 0.5
99 154 0.5
99 162 0.5
99 165 5.0
99 166 2.0
99 167 0.5
99 172 0.5
99 174 0.5
99 182 1.0
99 183 1.0
99 186 2.0
99 200 1.0
99 204 1.5
99 217 0.5
99 222 1.0
99 231 1.0
99 234 0.5
99 237 0.5
99 239 1.0
99 262 6.0
99 268 0.5
99 270 1.0
99 273 0.5
99 275 1.0
99 277 0.5
99 278 0.5
99 287 0.5
99 288 1.0
99 290 1.5
99 291 0.5
99 296 1.0
99 306 15.5
99 308 1.5
100 101 1.0
100 104 1.5
100 105 0.5
100 106 1.5
100 107 1.5
100 109 0.5
100 111 7.5
100 112 0.5
100 119 2.5
100 120 0.5
100 122 2.0
100 123 1.5
100 125 1.0
100 126 6.5
100 128 0.5
100 131 0.5
100 134 4.0
100 136 0.5
100 140 0.5
100 147 0.5
100 153 1.0
100 154 1.0
100 159 0.5
100 160 0.5
100 162 1.0
100 164 1.0
100 165 3.5
100 166 3.5
100 178 1.0
100 183 0.5
100 192 0.5
100 195 1.0
100 200 0.5
100 201 0.5
100 202 0.5
100 205 0.5
100 212 0.5
100 215 0.5
100 218 0.5
100 225 1.0
100 230 0.5
100 231 0.5
100 233 0.5
100 237 1.0
100 239 0.5
100 240 0.5
100 262 7.5
100 267 0.5
100 270 5.0
100 276 1.0
100 277 0.5
100 282 1.5
100 286 0.5
100 287 2.5
100 288 0.5
100 290 1.5
100 297 0.5
100 302 2.5
100 305 0.5
100 306 7.0
100 308 1.5
101 104 0.5
101 105 0.5
101 106 1.0
101 108 0.5
101 111 0.5
101 112 0.5
101 118 0.5
101 119 1.0
101 123 1.0
101 124 0.5
101 125 0.5
101 126 1.0
101 140 0.5
101 145 0.5
101 159 0.5
101 160 1.0
101 163 1.0
101 164 0.5
101 165 0.5
101 166 5.0
101 178 2.0
101 179 0.5
101 180 0.5
101 182 0.5
101 183 1.0
101 196 0.5
101 200 0.5
101 201 0.5
101 204 0.5
101 205 0.5
101 214 0.5
101 218 0.5
101 231 0.5
101 247 0.5
101 256 0.5
101 262 4.5
101 263 0.5
101 277 0.5
101 278 0.5
101 282 6.5
101 287 1.0
101 290 1.0
101 295 0.5
101 298 0.5
101 300 0.5
101 306 7.0
101 307 1.0
101 308 0.5
101 309 0.5
102 107 5.5
102 112 0.5
102 204 0.5
102 228 0.5
102 248 0.5
102 250 0.5
102 262 5.5
102 288 0.5
102 296 0.5
102 306 0.5
103 105 0.5
103 107 0.5
103 112 0.5
103 118 0.5
103 119 2.0
103 126 1.0
103 160 0.5
103 162 0.5
103 178 0.5
103 183 0.5
103 199 0.5
103 205 1.0
103 228 0.5
103 236 0.5
103 247 0.5
103 255 0.5
103 262 1.5
103 270 0.5
103 276 0.5
103 287 2.0
103 290 1.0
103 293 0.5
103 306 0.5
104 105 1.0
104 106 2.0
104 107 4.0
104 111 2.0
104 112 2.5
104 113 1.0
104 114 0.5
104 119 10.5
104 122 0.5
104 123 1.5
104 125 5.5
104 126 9.5
104 134 1.0
104 140 1.5
104 141 0.5
104 143 0.5
104 144 0.5
104 147 1.0
104 149 1.0
104 152 0.5
104 153 6.5
104 154 0.5
104 160 2.0
104 162 2.0
104 165 4.0
104 166 2.5
104 174 0.5
104 175 0.5
104 178 1.0
104 180 0.5
104 182 3.0
104 184 0.5
104 186 4.0
104 187 0.5
104 189 0.5
104 193 0.5
104 194 0.5
104 195 1.0
104 199 0.5
104 200 0.5
104 201 0.5
104 202 0.5
104 204 2.0
104 205 0.5
104 208 0.5
104 214 1.5
104 218 0.5
104 222 1.0
104 224 0.5
104 225 0.5
104 231 0.5
104 236 0.5
104 237 2.0
104 238 0.5
104 243 0.5
104 262 22.5
104 265 0.5
104 267 0.5
104 270 2.5
104 275 0.5
104 278 1.0
104 287 2.5
104 290 1.0
104 297 2.0
104 298 0.5
104 300 1.5
104 302 0.5
104 305 1.0
104 306 8.5
104 307 0.5
104 308 2.0
105 106 2.0
105 107 1.5
105 109 0.5
105 111 2.0
105 112 4.5
105 113 1.0
105 118 0.5
105 119 4.0
105 122 0.5
105 123 1.5
105 124 1.5
105 125 0.5
105 126 6.0
105 131 1.0
105 134 1.0
105 139 0.5
105 140 0.5
105 141 0.5
105 144 1.0
105 145 0.5
105 147 0.5
105 149 0.5
105 157 0.5
105 159 0.5
105 160 2.0
105 161 0.5
105 162 0.5
105 164 1.0
105 165 2.5
105 166 11.0
105 173 1.5
105 174 1.0
105 178 2.0
105 179 0.5
105 180 1.5
105 182 1.5
105 183 2.5
105 184 0.5
105 186 1.0
105 192 1.5
105 194 0.5
105 199 1.5
105 200 1.5
105 201 1.0
105 204 0.5
105 205 0.5
105 209 1.0
105 212 2.0
105 213 0.5
105 215 0.5
105 222 0.5
105 225 0.5
105 226 0.5
105 230 0.5
105 231 0.5
105 234 1.0
105 239 0.5
105 240 0.5
105 247 1.5
105 252 1.0
105 257 1.0
105 262 11.5
105 267 0.5
105 270 3.0
105 275 2.5
105 277 0.5
105 278 21.5
105 282 1.0
105 286 0.5
105 287 2.5
105 288 1.0
105 289 0.5
105 290 1.5
105 296 0.5
105 297 1.0
105 298 0.5
105 300 0.5
105 301 0.5
105 304 1.5
105 306 9.5
105 308 1.5
105 309 0.5
106 107 3.0
106 108 0.5
106 109 1.5
106 111 5.0
106 112 7.0
106 115 1.0
106 119 7.0
106 120 0.5
106 122 0.5
106 123 53.0
106 124 0.5
106 125 2.0
106 126 9.0
106 128 0.5
106 132 1.0
106 134 0.5
106 138 0.5
106 140 1.0
106 141 0.5
106 144 0.5
106 145 0.5
106 147 0.5
106 149 0.5
106 153 2.0
106 154 0.5
106 160 2.5
106 162 4.0
106 164 0.5
106 165 10.0
106 166 1.0
106 167 0.5
106 173 0.5
106 174 2.0
106 178 2.0
106 179 0.5
106 180 1.0
106 182 2.0
106 184 1.0
106 186 3.0
106 187 0.5
106 192 0.5
106 194 1.0
106 195 5.5
106 197 0.5
106 199 1.5
106 200 1.0
106 201 0.5
106 204 7.0
106 205 1.5
106 212 4.5
106 213 0.5
106 214 1.0
106 217 1.0
106 218 0.5
106 219 0.5
106 230 1.5
106 236 0.5
106 237 1.0
106 238 0.5
106 242 0.5
106 243 1.0
106 244 0.5
106 255 0.5
106 257 0.5
106 262 28.0
106 267 1.0
106 273 1.5
106 274 0.5
106 275 2.5
106 276 0.5
106 277 1.0
106 278 0.5
106 282 3.0
106 285 0.5
106 286 1.5
106 287 3.5
106 288 2.0
106 289 0.5
106 290 0.5
106 293 0.5
106 295 0.5
106 296 0.5
106 297 1.0
106 300 2.5
106 301 0.5
106 302 0.5
106 304 1.0
106 305 1.0
106 306 54.5
106 307 0.5
106 308 2.5
106 310 0.5
107 108 8.5
107 111 17.0
107 112 12.0
107 113 1.0
107 115 0.5
107 118 0.5
107 119 22.0
107 120 0.5
107 123 2.5
107 124 2.5
107 125 2.5
107 126 23.5
107 127 1.0
107 128 2.0
107 130 0.5
107 132 0.5
107 133 0.5
107 134 1.0
107 137 0.5
107 138 0.5
107 140 1.5
107 141 1.0
107 142 0.5
107 144 1.5
107 145 1.0
107 147 2.5
107 149 1.0
107 151 0.5
107 154 1.0
107 156 1.0
107 160 5.0
107 162 6.0
107 163 0.5
107 164 3.5
107 165 19.0
107 166 4.5
107 167 1.0
107 172 2.0
107 174 1.5
107 178 4.0
107 179 0.5
107 180 3.0
107 182 11.5
107 183 1.5
107 184 1.5
107 186 5.5
107 187 1.0
107 194 7.0
107 195 2.0
107 197 0.5
107 199 6.5
107 200 1.0
107 201 1.0
107 203 0.5
107 204 8.5
107 205 5.5
107 206 0.5
107 208 6.5
107 211 1.0
107 212 4.0
107 213 0.5
107 214 2.0
107 215 1.0
107 216 0.5
107 222 2.0
107 225 8.0
107 228 1.0
107 231 7.0
107 232 0.5
107 236 6.5
107 237 1.0
107 239 1.0
107 241 6.5
107 243 1.0
107 247 2.0
107 248 0.5
107 250 0.5
107 255 0.5
107 257 1.5
107 258 0.5
107 262 62.5
107 266 0.5
107 269 0.5
107 270 10.0
107 275 1.0
107 276 0.5
107 277 0.5
107 278 1.5
107 279 0.5
107 281 0.5
107 284 0.5
107 287 19.5
107 288 0.5
107 290 2.5
107 291 0.5
107 293 1.0
107 296 2.0
107 297 2.0
107 298 0.5
107 300 3.5
107 302 6.5
107 304 1.0
107 305 2.0
107 306 16.0
107 308 2.0
108 112 1.0
108 114 0.5
108 120 0.5
108 123 0.5
108 124 0.5
108 132 0.5
108 134 0.5
108 140 0.5
108 147 0.5
108 159 0.5
108 162 0.5
108 164 2.5
108 165 1.5
108 166 3.0
108 174 0.5
108 178 0.5
108 183 0.5
108 205 0.5
108 208 0.5
108 212 0.5
108 236 0.5
108 241 7.0
108 247 0.5
108 262 4.0
108 266 0.5
108 277 0.5
108 290 0.5
108 296 0.5
108 297 1.5
108 302 0.5
108 306 3.0
108 308 0.5
109 111 1.0
109 120 0.5
109 123 1.5
109 126 1.0
109 134 0.5
109 149 0.5
109 153 0.5
109 160 1.0
109 165 1.0
109 166 0.5
109 178 0.5
109 182 0.5
109 184 0.5
109 192 0.5
109 195 0.5
109 204 2.0
109 212 0.5
109 222 0.5
109 230 6.0
109 238 0.5
109 239 0.5
109 240 0.5
109 262 1.5
109 267 0.5
109 270 0.5
109 277 1.0
109 281 0.5
109 287 2.0
109 288 1.0
109 304 1.0
109 305 1.0
109 306 2.5
109 308 0.5
110 126 0.5
110 166 1.5
110 262 0.5
111 112 18.0
111 113 1.5
111 116 0.5
111 118 1.5
111 119 18.5
111 122 2.0
111 123 4.5
111 125 13.5
111 126 15.0
111 128 3.0
111 131 0.5
111 134 5.0
111 136 0.5
111 137 1.5
111 138 0.5
111 140 2.0
111 141 1.0
111 143 0.5
111 144 1.0
111 147 0.5
111 153 0.5
111 154 0.5
111 159 0.5
111 160 3.0
111 162 8.0
111 164 1.0
111 165 13.0
111 166 0.5
111 167 0.5
111 172 0.5
111 174 1.5
111 176 0.5
111 178 3.0
111 179 0.5
111 180 2.0
111 182 9.0
111 183 0.5
111 184 8.0
111 186 13.0
111 187 1.0
111 191 0.5
111 192 0.5
111 195 1.5
111 198 0.5
111 199 2.0
111 200 1.0
111 201 3.0
111 202 1.0
111 204 6.5
111 205 6.0
111 208 0.5
111 212 1.5
111 214 3.0
111 215 0.5
111 218 2.0
111 222 3.5
111 225 0.5
111 227 0.5
111 230 1.0
111 231 7.0
111 236 0.5
111 237 2.5
111 238 0.5
111 239 0.5
111 240 1.0
111 243 0.5
111 247 0.5
111 257 6.5
111 258 0.5
111 262 40.0
111 267 1.0
111 268 0.5
111 270 7.0
111 273 0.5
111 275 0.5
111 277 0.5
111 278 0.5
111 282 1.0
111 284 0.5
111 285 0.5
111 287 16.0
111 288 2.5
111 289 5.5
111 290 1.5
111 295 0.5
111 296 3.0
111 297 1.5
111 298 1.5
111 300 3.5
111 301 0.5
111 302 8.5
111 305 1.0
111 306 13.0
111 307 0.5
111 308 3.0
112 115 0.5
112 116 0.5
112 118 2.0
112 119 28.0
112 123 6.0
112 124 0.5
112 125 11.5
112 126 34.5
112 127 0.5
112 128 1.5
112 131 0.5
112 132 1.0
112 134 0.5
112 137 0.5
112 138 0.5
112 140 5.0
112 141 1.0
112 143 0.5
112 144 0.5
112 147 7.0
112 149 0.5
112 150 0.5
112 152 2.0
112 153 1.5
112 154 0.5
112 160 9.0
112 162 36.0
112 164 12.0
112 165 18.5
112 166 7.5
112 167 0.5
112 171 0.5
112 173 0.5
112 174 3.5
112 175 1.0
112 178 8.5
112 179 3.0
112 180 3.5
112 182 2.0
112 183 1.5
112 186 20.0
112 188 0.5
112 191 0.5
112 194 2.5
112 195 1.5
112 197 0.5
112 199 1.5
112 200 1.0
112 204 7.0
112 205 3.5
112 212 6.0
112 214 0.5
112 215 1.0
112 217 0.5
112 218 1.0
112 222 8.5
112 225 1.5
112 227 0.5
112 230 0.5
112 231 1.0
112 232 0.5
112 234 0.5
112 237 2.0
112 239 0.5
112 242 0.5
112 243 1.0
112 246 0.5
112 247 2.0
112 252 0.5
112 253 0.5
112 257 1.5
112 262 33.0
112 266 0.5
112 267 1.0
112 270 2.5
112 272 0.5
112 275 11.0
112 276 1.5
112 277 5.5
112 278 4.0
112 282 1.5
112 285 1.0
112 287 14.0
112 288 2.5
112 290 1.5
112 296 1.0
112 297 2.0
112 299 0.5
112 300 3.0
112 302 4.0
112 304 1.0
112 305 1.5
112 306 24.5
112 307 0.5
112 308 2.5
113 119 1.0
113 125 0.5
113 126 0.5
113 131 0.5
113 137 0.5
113 144 4.0
113 149 0.5
113 153 0.5
113 160 8.0
113 162 1.0
113 165 2.5
113 167 1.0
113 169 0.5
113 172 0.5
113 173 0.5
113 178 0.5
113 180 1.0
113 182 0.5
113 183 0.5
113 184 0.5
113 195 0.5
113 199 4.0
113 200 0.5
113 204 1.0
113 205 1.0
113 216 0.5
113 217 0.5
113 220 0.5
113 222 0.5
113 224 0.5
113 231 1.0
113 234 1.0
113 239 0.5
113 262 5.0
113 278 1.0
113 287 1.5
113 288 1.0
113 296 1.0
113 299 4.0
113 304 0.5
113 306 1.0
114 119 0.5
114 120 0.5
114 134 0.5
114 140 0.5
114 147 0.5
114 153 0.5
114 159 0.5
114 165 0.5
114 178 0.5
114 186 1.0
114 187 0.5
114 214 0.5
114 262 2.0
114 270 1.0
114 290 0.5
115 123 1.0
115 126 2.0
115 148 0.5
115 162 0.5
115 165 0.5
115 182 0.5
115 186 0.5
115 194 0.5
115 200 0.5
115 204 2.5
115 236 0.5
115 262 2.0
115 287 0.5
115 290 0.5
115 306 1.0
116 119 1.0
116 126 1.5
116 147 0.5
116 162 0.5
116 164 1.0
116 165 1.0
116 180 0.5
116 201 0.5
116 204 0.5
116 262 0.5
116 290 0.5
116 304 0.5
117 160 0.5
117 218 0.5
117 270 0.5
117 306 0.5
118 119 2.5
118 122 0.5
118 126 1.5
118 134 1.0
118 137 1.0
118 148 0.5
118 160 0.5
118 162 1.0
118 165 1.5
118 166 1.0
118 167 0.5
118 178 1.0
118 183 0.5
118 186 1.0
118 197 0.5
118 205 0.5
118 231 0.5
118 234 0.5
118 247 0.5
118 254 0.5
118 257 1.0
118 262 3.0
118 270 1.0
118 278 0.5
118 282 1.0
118 286 0.5
118 287 3.0
118 288 0.5
118 290 0.5
118 305 1.5
118 306 2.5
118 308 1.0
119 120 3.0
119 121 0.5
119 122 1.5
119 123 6.0
119 124 1.0
119 125 6.5
119 126 64.0
119 127 0.5
119 128 2.5
119 129 0.5
119 130 0.5
119 131 1.0
119 133 0.5
119 134 2.0
119 137 2.0
119 138 0.5
119 140 0.5
119 141 1.0
119 144 1.5
119 146 1.0
119 147 5.0
119 148 0.5
119 149 1.0
119 151 0.5
119 153 7.5
119 154 1.0
119 157 0.5
119 159 1.0
119 160 7.0
119 162 23.0
119 163 0.5
119 165 23.0
119 166 13.0
119 169 1.0
119 172 31.0
119 173 1.0
119 174 3.0
119 178 14.5
119 179 3.0
119 180 9.0
119 182 3.0
119 183 3.5
119 184 1.0
119 185 0.5
119 186 5.0
119 187 1.0
119 188 1.0
119 189 0.5
119 190 1.5
119 193 1.0
119 195 4.5
119 196 0.5
119 197 1.0
119 199 3.0
119 200 3.0
119 201 1.0
119 204 17.5
119 205 5.0
119 208 0.5
119 210 0.5
119 211 11.5
119 212 2.5
119 213 0.5
119 214 1.0
119 215 2.0
119 218 1.0
119 222 2.0
119 225 1.5
119 228 7.0
119 229 1.0
119 231 6.0
119 232 1.0
119 236 2.5
119 237 3.0
119 238 0.5
119 240 1.0
119 243 1.0
119 247 3.0
119 248 0.5
119 250 0.5
119 256 1.5
119 257 2.5
119 262 98.0
119 266 1.0
119 267 1.0
119 268 0.5
119 270 4.5
119 273 1.0
119 274 0.5
119 275 1.0
119 276 0.5
119 277 3.5
119 278 3.5
119 282 1.0
119 284 0.5
119 287 23.5
119 288 1.5
119 289 1.0
119 290 5.0
119 291 0.5
119 293 0.5
119 295 0.5
119 296 2.0
119 297 2.0
119 298 1.5
119 299 0.5
119 300 1.5
119 302 9.0
119 304 2.0
119 305 0.5
119 306 26.5
119 307 0.5
119 308 7.5
119 309 1.5
120 123 0.5
120 126 1.0
120 128 0.5
120 134 0.5
120 140 0.5
120 144 0.5
120 147 0.5
120 159 0.5
120 165 1.0
120 172 1.0
120 178 0.5
120 186 0.5
120 199 0.5
120 200 0.5
120 218 0.5
120 230 0.5
120 242 0.5
120 262 5.0
120 270 0.5
120 287 0.5
120 306 1.0
121 125 0.5
121 126 2.5
121 140 0.5
121 160 0.5
121 161 0.5
121 165 0.5
121 204 0.5
121 205 1.0
121 213 0.5
121 260 0.5
121 262 1.5
121 270 3.0
121 287 1.0
121 290 0.5
121 306 0.5
122 123 0.5
122 125 0.5
122 126 2.0
122 128 0.5
122 134 0.5
122 139 0.5
122 140 1.0
122 153 0.5
122 159 0.5
122 165 0.5
122 166 2.0
122 175 0.5
122 176 0.5
122 180 0.5
122 182 1.0
122 186 0.5
122 187 5.0
122 195 0.5
122 199 5.0
122 204 0.5
122 214 0.5
122 215 0.5
122 257 0.5
122 262 3.5
122 278 0.5
122 289 0.5
122 290 0.5
122 306 1.0
123 124 0.5
123 125 1.0
123 126 8.5
123 128 0.5
123 132 1.0
123 138 0.5
123 140 1.0
123 141 0.5
123 144 0.5
123 145 0.5
123 147 0.5
123 149 0.5
123 153 2.0
123 154 0.5
123 160 2.0
123 162 4.0
123 164 0.5
123 165 9.5
123 166 1.0
123 167 0.5
123 173 0.5
123 174 1.5
123 178 1.5
123 179 0.5
123 180 1.0
123 182 1.5
123 184 1.0
123 186 3.0
123 187 0.5
123 192 0.5
123 194 1.0
123 195 4.0
123 197 0.5
123 199 1.5
123 200 0.5
123 201 0.5
123 204 7.0
123 205 1.5
123 212 4.0
123 213 0.5
123 214 1.0
123 217 1.0
123 218 0.5
123 219 0.5
123 230 1.5
123 236 0.5
123 237 1.0
123 238 0.5
123 242 0.5
123 243 1.0
123 244 0.5
123 255 0.5
123 257 0.5
123 262 25.5
123 267 1.0
123 273 1.5
123 274 0.5
123 275 2.5
123 276 0.5
123 277 1.0
123 282 3.0
123 286 1.5
123 287 3.5
123 288 1.5
123 289 0.5
123 290 0.5
123 293 0.5
123 295 0.5
123 296 0.5
123 297 1.0
123 300 2.5
123 302 0.5
123 304 1.0
123 305 1.0
123 306 54.0
123 307 0.5
123 308 2.5
123 310 0.5
124 126 3.5
124 140 0.5
124 144 0.5
124 145 0.5
124 147 0.5
124 148 0.5
124 154 2.5
124 160 1.0
124 162 2.5
124 163 0.5
124 164 1.5
124 165 2.5
124 166 5.5
124 178 2.5
124 182 0.5
124 186 0.5
124 193 0.5
124 195 0.5
124 199 0.5
124 204 5.5
124 205 2.0
124 206 1.5
124 212 0.5
124 214 0.5
124 222 0.5
124 262 5.0
124 268 0.5
124 270 1.0
124 277 0.5
124 278 1.5
124 287 3.0
124 290 1.5
124 291 1.0
124 296 2.0
124 302 0.5
124 306 19.5
124 308 2.5
125 126 3.5
125 128 1.0
125 134 0.5
125 139 0.5
125 140 2.0
125 141 0.5
125 143 0.5
125 149 0.5
125 154 0.5
125 160 1.5
125 162 2.5
125 165 2.5
125 178 1.0
125 179 0.5
125 180 1.0
125 182 2.5
125 184 0.5
125 186 0.5
125 190 0.5
125 194 0.5
125 195 0.5
125 202 0.5
125 204 0.5
125 205 1.0
125 212 0.5
125 213 0.5
125 214 0.5
125 218 0.5
125 222 1.0
125 228 0.5
125 231 0.5
125 247 0.5
125 253 0.5
125 258 0.5
125 260 0.5
125 262 5.0
125 270 2.0
125 282 0.5
125 285 0.5
125 287 3.5
125 290 0.5
125 300 0.5
125 302 1.0
125 306 3.0
125 308 0.5
126 127 1.0
126 128 4.0
126 130 0.5
126 131 0.5
126 132 0.5
126 133 0.5
126 134 5.0
126 137 1.0
126 138 1.0
126 140 3.0
126 141 8.5
126 142 1.0
126 145 0.5
126 147 5.5
126 148 0.5
126 149 1.0
126 152 4.5
126 153 0.5
126 154 1.5
126 157 1.5
126 159 1.0
126 160 17.5
126 161 1.0
126 162 12.0
126 164 1.5
126 165 24.5
126 166 29.0
126 167 1.0
126 169 1.0
126 172 0.5
126 173 1.0
126 174 2.5
126 175 2.0
126 178 15.5
126 179 1.0
126 180 15.0
126 182 10.5
126 183 3.0
126 184 1.5
126 186 15.0
126 187 1.0
126 189 1.0
126 190 0.5
126 191 0.5
126 192 2.0
126 193 1.5
126 194 8.0
126 195 4.0
126 197 2.5
126 199 3.5
126 200 2.5
126 201 2.0
126 202 0.5
126 203 0.5
126 204 15.5
126 205 9.0
126 208 0.5
126 209 1.5
126 212 3.0
126 213 1.5
126 214 2.5
126 215 1.0
126 216 0.5
126 218 1.0
126 222 0.5
126 225 1.5
126 228 2.0
126 229 0.5
126 230 1.5
126 231 10.0
126 232 0.5
126 234 2.0
126 235 1.0
126 236 2.0
126 237 3.5
126 239 1.0
126 240 0.5
126 241 0.5
126 242 0.5
126 243 1.0
126 246 0.5
126 247 3.0
126 251 0.5
126 252 1.5
126 253 0.5
126 256 0.5
126 257 1.5
126 262 95.0
126 267 1.0
126 268 1.0
126 270 21.0
126 271 0.5
126 273 0.5
126 275 1.0
126 276 1.5
126 277 3.0
126 278 4.0
126 279 0.5
126 281 1.0
126 282 1.5
126 285 0.5
126 286 1.0
126 287 27.5
126 288 6.0
126 289 1.5
126 290 15.0
126 291 0.5
126 295 0.5
126 296 3.0
126 298 1.0
126 299 1.0
126 300 2.0
126 301 1.0
126 302 2.0
126 304 3.5
126 305 1.5
126 306 35.5
126 307 1.0
126 308 4.0
126 309 0.5
127 183 0.5
127 195 0.5
127 200 0.5
127 207 0.5
127 211 0.5
127 218 0.5
127 247 1.0
127 248 0.5
127 250 0.5
127 262 0.5
127 296 0.5
127 300 0.5
127 306 1.5
128 141 0.5
128 148 0.5
128 152 0.5
128 158 0.5
128 159 0.5
128 160 1.5
128 162 2.0
128 164 0.5
128 165 3.0
128 166 1.5
128 167 0.5
128 172 0.5
128 174 1.0
128 178 1.0
128 180 1.0
128 186 1.5
128 195 0.5
128 200 0.5
128 201 1.0
128 204 1.0
128 212 1.0
128 214 1.0
128 256 0.5
128 262 9.5
128 268 0.5
128 270 0.5
128 276 0.5
128 278 0.5
128 287 2.5
128 297 0.5
128 298 0.5
128 306 2.0
128 309 0.5
129 306 0.5
130 134 0.5
130 182 0.5
130 213 0.5
130 247 0.5
130 262 0.5
130 288 0.5
131 137 0.5
131 144 0.5
131 159 0.5
131 165 1.0
131 166 0.5
131 183 3.5
131 186 0.5
131 199 0.5
131 200 2.5
131 201 0.5
131 212 0.5
131 218 0.5
131 222 0.5
131 237 0.5
131 278 1.0
131 296 0.5
131 302 0.5
131 306 2.0
131 308 1.0
132 153 0.5
132 166 1.5
132 241 0.5
132 262 2.0
132 306 3.5
133 183 0.5
133 306 0.5
134 140 0.5
134 147 0.5
134 152 0.5
134 154 1.0
134 159 1.0
134 161 0.5
134 165 1.5
134 182 0.5
134 192 0.5
134 195 0.5
134 202 0.5
134 204 0.5
134 213 0.5
134 218 0.5
134 230 0.5
134 239 0.5
134 240 0.5
134 262 5.0
134 267 0.5
134 270 3.5
134 278 0.5
134 285 0.5
134 287 0.5
134 288 1.0
134 300 0.5
134 305 0.5
134 306 0.5
134 308 1.0
134 309 0.5
135 262 0.5
135 285 1.0
136 201 0.5
136 237 0.5
136 243 0.5
136 262 1.5
137 147 0.5
137 153 0.5
137 160 1.5
137 165 1.0
137 167 0.5
137 171 0.5
137 178 1.5
137 183 0.5
137 186 0.5
137 191 0.5
137 199 0.5
137 204 1.5
137 222 1.0
137 231 1.0
137 256 0.5
137 257 1.5
137 262 1.0
137 270 0.5
137 287 0.5
137 288 0.5
137 290 0.5
137 296 3.0
137 298 0.5
137 302 0.5
137 306 6.0
138 149 1.0
138 165 0.5
138 173 0.5
138 177 0.5
138 182 0.5
138 195 2.5
138 202 0.5
138 208 0.5
138 225 0.5
138 236 0.5
138 262 1.0
138 267 1.0
138 270 0.5
138 302 0.5
138 304 0.5
138 306 1.5
139 180 0.5
139 182 0.5
139 290 0.5
139 306 0.5
140 145 0.5
140 154 0.5
140 160 2.0
140 162 1.0
140 165 2.5
140 172 0.5
140 174 1.5
140 175 1.0
140 178 1.0
140 182 1.5
140 183 0.5
140 186 2.5
140 187 1.0
140 199 1.0
140 200 1.5
140 202 0.5
140 214 3.5
140 218 1.0
140 222 1.0
140 224 0.5
140 230 0.5
140 231 0.5
140 247 1.0
140 262 8.0
140 263 0.5
140 265 0.5
140 267 0.5
140 270 2.0
140 273 0.5
140 278 1.0
140 282 0.5
140 285 0.5
140 287 1.5
140 288 0.5
140 306 5.0
140 308 2.0
141 164 3.0
141 165 2.5
141 178 1.0
141 182 1.0
141 186 0.5
141 204 1.5
141 205 0.5
141 215 1.0
141 218 0.5
141 222 1.0
141 231 0.5
141 262 6.0
141 270 0.5
141 278 0.5
141 287 2.5
141 296 0.5
141 306 1.5
142 200 0.5
142 204 0.5
142 239 0.5
142 287 0.5
142 296 0.5
142 300 0.5
142 306 0.5
143 262 1.0
143 270 0.5
143 287 0.5
143 296 0.5
144 149 0.5
144 160 3.0
144 165 1.0
144 167 0.5
144 182 0.5
144 183 0.5
144 195 0.5
144 199 8.5
144 200 1.0
144 204 1.5
144 205 0.5
144 214 0.5
144 222 0.5
144 239 0.5
144 262 4.5
144 270 0.5
144 278 1.0
144 287 2.0
144 290 1.0
144 296 2.0
144 297 1.5
144 299 0.5
144 300 1.0
144 302 0.5
144 306 1.0
145 165 0.5
145 186 0.5
145 195 0.5
145 196 0.5
145 204 0.5
145 212 3.0
145 214 0.5
145 231 0.5
145 242 1.0
145 262 2.5
145 275 0.5
145 278 0.5
145 282 0.5
145 287 0.5
145 290 0.5
145 306 2.0
145 308 0.5
146 180 0.5
146 240 0.5
146 262 0.5
147 154 0.5
147 159 0.5
147 160 2.0
147 162 6.5
147 164 1.0
147 165 3.5
147 166 4.5
147 167 0.5
147 171 0.5
147 174 2.5
147 178 2.0
147 186 2.0
147 191 0.5
147 199 0.5
147 204 1.5
147 212 1.5
147 215 0.5
147 237 0.5
147 242 0.5
147 257 1.5
147 262 5.0
147 270 0.5
147 275 0.5
147 277 1.0
147 287 1.5
147 288 0.5
147 289 0.5
147 290 1.5
147 296 0.5
147 298 0.5
147 300 0.5
147 306 4.5
148 160 0.5
148 178 1.0
148 200 0.5
148 204 1.0
148 205 0.5
148 208 0.5
148 212 0.5
148 262 2.0
148 267 0.5
148 278 0.5
148 287 0.5
148 297 0.5
148 306 2.0
148 308 0.5
148 309 0.5
149 151 0.5
149 153 0.5
149 162 0.5
149 165 0.5
149 166 0.5
149 177 0.5
149 179 0.5
149 180 0.5
149 186 0.5
149 195 1.5
149 199 0.5
149 204 1.0
149 209 0.5
149 225 0.5
149 230 0.5
149 238 0.5
149 239 1.0
149 262 4.0
149 270 2.0
149 282 0.5
149 286 0.5
149 290 0.5
149 291 0.5
149 300 1.0
149 304 0.5
149 306 4.0
150 160 0.5
150 178 0.5
150 197 0.5
151 155 0.5
151 255 0.5
151 262 0.5
151 270 0.5
151 293 0.5
152 160 0.5
152 162 1.5
152 166 0.5
152 186 0.5
152 195 0.5
152 212 0.5
152 262 1.0
152 298 0.5
153 160 0.5
153 162 1.5
153 164 1.5
153 165 1.5
153 166 2.0
153 171 0.5
153 175 1.0
153 178 1.0
153 184 0.5
153 187 0.5
153 191 0.5
153 195 0.5
153 201 0.5
153 204 1.0
153 212 0.5
153 214 1.0
153 215 1.0
153 222 1.0
153 227 0.5
153 230 0.5
153 232 0.5
153 233 0.5
153 238 0.5
153 262 13.0
153 270 0.5
153 287 2.0
153 296 1.0
153 297 1.0
153 300 0.5
153 302 2.0
153 304 0.5
153 305 0.5
153 306 6.0
153 308 1.0
153 309 0.5
154 162 0.5
154 165 1.5
154 166 0.5
154 174 0.5
154 195 0.5
154 202 0.5
154 204 2.0
154 205 0.5
154 206 2.0
154 218 0.5
154 222 0.5
154 238 0.5
154 239 0.5
154 262 3.0
154 270 1.0
154 277 0.5
154 278 0.5
154 287 2.0
154 290 0.5
154 296 0.5
154 302 0.5
154 306 4.5
154 308 4.5
155 255 0.5
155 262 0.5
155 293 0.5
156 165 0.5
156 187 0.5
156 205 0.5
156 262 0.5
156 301 0.5
157 165 0.5
157 173 0.5
157 175 0.5
157 195 0.5
157 213 2.0
157 262 7.5
157 270 5.0
157 278 0.5
157 282 1.0
157 286 1.0
157 304 0.5
157 305 1.0
157 306 1.0
158 306 0.5
159 160 0.5
159 165 3.0
159 166 1.0
159 174 0.5
159 178 1.0
159 183 0.5
159 200 0.5
159 201 1.0
159 204 1.0
159 262 0.5
159 278 0.5
159 282 0.5
159 289 0.5
159 305 0.5
159 307 0.5
160 161 0.5
160 162 4.0
160 164 1.0
160 165 13.0
160 166 2.0
160 167 1.5
160 169 1.0
160 171 0.5
160 172 0.5
160 173 0.5
160 174 1.5
160 178 27.0
160 179 1.0
160 180 1.5
160 182 2.0
160 183 2.0
160 184 1.0
160 186 1.5
160 191 6.0
160 192 1.0
160 194 0.5
160 195 1.0
160 199 3.5
160 200 3.5
160 201 0.5
160 204 6.0
160 205 4.0
160 209 1.0
160 212 0.5
160 214 1.0
160 215 0.5
160 216 1.0
160 218 1.0
160 220 0.5
160 222 0.5
160 225 0.5
160 230 1.5
160 231 1.5
160 234 0.5
160 235 1.0
160 236 1.0
160 237 1.5
160 247 1.5
160 255 0.5
160 262 22.0
160 263 0.5
160 265 0.5
160 267 1.0
160 268 0.5
160 270 4.0
160 276 1.0
160 277 0.5
160 278 5.5
160 279 0.5
160 281 0.5
160 282 2.0
160 285 0.5
160 286 0.5
160 287 6.5
160 288 1.5
160 289 0.5
160 290 2.0
160 293 0.5
160 296 1.0
160 297 0.5
160 299 4.0
160 300 1.5
160 301 0.5
160 302 0.5
160 304 0.5
160 305 2.5
160 306 15.0
160 308 2.0
160 310 0.5
161 205 0.5
161 209 0.5
161 262 0.5
161 270 0.5
161 278 0.5
161 287 0.5
161 300 0.5
162 163 0.5
162 164 1.0
162 165 10.0
162 166 5.0
162 167 0.5
162 170 0.5
162 174 4.5
162 175 0.5
162 178 4.0
162 179 1.0
162 180 2.0
162 182 0.5
162 183 0.5
162 184 1.0
162 186 4.5
162 193 0.5
162 194 0.5
162 195 1.0
162 197 0.5
162 200 0.5
162 204 16.5
162 205 1.5
162 212 0.5
162 222 1.0
162 227 0.5
162 230 0.5
162 234 1.5
162 237 1.0
162 242 0.5
162 243 1.0
162 247 0.5
162 255 0.5
162 256 0.5
162 257 0.5
162 262 30.5
162 266 0.5
162 268 0.5
162 270 2.0
162 275 1.0
162 276 1.0
162 277 1.0
162 278 0.5
162 282 1.0
162 287 18.5
162 288 2.5
162 289 0.5
162 290 2.5
162 293 0.5
162 295 0.5
162 296 1.0
162 297 0.5
162 300 1.5
162 302 2.0
162 305 4.5
162 306 11.5
162 307 0.5
162 308 2.0
163 166 8.5
163 188 0.5
163 205 1.0
163 262 1.0
163 277 0.5
163 287 0.5
163 290 0.5
163 306 2.5
163 308 0.5
164 165 15.0
164 166 4.0
164 178 6.5
164 179 0.5
164 184 0.5
164 186 1.0
164 195 0.5
164 204 0.5
164 212 0.5
164 214 1.0
164 215 0.5
164 222 10.0
164 233 0.5
164 241 2.0
164 262 8.0
164 270 0.5
164 278 1.0
164 282 0.5
164 287 5.0
164 288 0.5
164 290 1.0
164 296 1.0
164 297 4.0
164 298 0.5
164 302 1.0
164 305 0.5
164 306 10.5
164 308 1.5
165 166 2.0
165 167 1.5
165 172 2.5
165 174 3.0
165 175 0.5
165 176 0.5
165 178 12.0
165 179 1.5
165 180 2.5
165 182 4.0
165 183 3.0
165 184 3.5
165 186 15.0
165 187 0.5
165 193 0.5
165 195 2.5
165 197 0.5
165 198 0.5
165 199 1.0
165 200 1.0
165 201 2.0
165 203 0.5
165 204 22.0
165 205 12.5
165 208 6.5
165 209 1.5
165 212 5.0
165 213 2.0
165 214 4.5
165 215 2.0
165 216 0.5
165 218 1.0
165 222 36.5
165 223 0.5
165 224 0.5
165 225 0.5
165 230 1.0
165 231 14.0
165 234 1.0
165 236 7.0
165 237 1.5
165 241 0.5
165 242 0.5
165 243 1.0
165 244 0.5
165 247 1.5
165 249 0.5
165 257 1.5
165 258 0.5
165 262 70.0
165 266 0.5
165 267 0.5
165 268 0.5
165 270 5.0
165 273 1.5
165 275 8.0
165 276 0.5
165 277 3.0
165 278 2.5
165 279 1.5
165 281 1.5
165 282 1.0
165 287 25.5
165 288 8.0
165 289 2.0
165 290 3.0
165 292 0.5
165 293 1.5
165 296 2.0
165 297 6.0
165 298 2.5
165 299 1.5
165 300 0.5
165 302 9.5
165 304 1.5
165 305 2.0
165 306 31.5
165 307 1.0
165 308 8.5
166 168 0.5
166 174 0.5
166 178 6.5
166 179 1.0
166 180 0.5
166 183 1.0
166 186 4.0
166 188 0.5
166 195 2.5
166 200 1.0
166 201 0.5
166 204 1.5
166 205 1.5
166 212 0.5
166 215 0.5
166 222 1.0
166 230 0.5
166 233 0.5
166 237 1.0
166 241 2.0
166 247 0.5
166 254 1.0
166 262 23.0
166 277 2.0
166 278 10.0
166 282 1.0
166 286 0.5
166 287 2.0
166 290 6.5
166 296 2.0
166 297 1.5
166 298 0.5
166 300 1.0
166 305 0.5
166 306 39.5
166 308 1.0
167 171 0.5
167 174 1.5
167 178 0.5
167 191 0.5
167 194 0.5
167 195 0.5
167 199 1.0
167 204 0.5
167 205 0.5
167 209 0.5
167 222 0.5
167 231 1.0
167 234 0.5
167 243 0.5
167 262 3.0
167 287 2.0
167 288 0.5
167 299 1.0
167 306 2.0
167 308 0.5
169 216 0.5
169 262 0.5
169 299 0.5
170 234 0.5
170 256 0.5
170 288 0.5
171 178 0.5
171 191 1.0
171 199 0.5
171 204 0.5
171 306 0.5
172 178 1.0
172 191 0.5
172 211 9.5
172 214 0.5
172 231 1.0
172 262 26.0
172 278 0.5
172 287 0.5
172 295 1.0
172 302 2.0
172 304 0.5
172 306 1.0
173 192 2.5
173 195 1.0
173 213 0.5
173 215 1.5
173 220 0.5
173 234 2.0
173 252 2.0
173 262 2.5
173 267 0.5
173 270 1.5
173 278 1.5
173 282 0.5
173 286 0.5
173 304 6.5
173 306 3.0
174 175 0.5
174 178 1.5
174 180 0.5
174 182 0.5
174 186 1.0
174 195 0.5
174 200 0.5
174 204 3.5
174 205 0.5
174 218 0.5
174 262 13.0
174 267 0.5
174 268 0.5
174 275 0.5
174 276 1.0
174 277 0.5
174 278 1.0
174 282 1.5
174 286 1.0
174 287 3.5
174 288 0.5
174 289 0.5
174 290 1.0
174 296 0.5
174 298 0.5
174 301 0.5
174 306 5.5
174 308 1.0
175 180 0.5
175 182 0.5
175 186 0.5
175 187 0.5
175 199 0.5
175 200 1.0
175 237 0.5
175 262 4.5
175 270 1.0
175 282 0.5
175 286 0.5
175 306 1.0
175 308 0.5
176 201 1.0
176 216 0.5
176 222 0.5
176 289 0.5
177 195 0.5
177 262 0.5
177 306 0.5
178 179 1.0
178 180 2.0
178 182 0.5
178 183 1.0
178 184 0.5
178 186 2.0
178 189 0.5
178 191 0.5
178 194 0.5
178 195 1.5
178 197 0.5
178 199 0.5
178 200 2.5
178 204 7.0
178 205 2.5
178 210 0.5
178 212 0.5
178 215 0.5
178 223 0.5
178 230 0.5
178 231 0.5
178 232 0.5
178 233 0.5
178 235 1.0
178 236 0.5
178 237 1.5
178 243 0.5
178 247 1.0
178 257 2.0
178 262 28.5
178 265 0.5
178 267 1.0
178 270 2.0
178 275 0.5
178 276 0.5
178 277 0.5
178 278 2.0
178 282 1.5
178 285 0.5
178 287 5.5
178 288 1.5
178 289 0.5
178 290 1.5
178 296 1.5
178 297 0.5
178 298 1.0
178 299 0.5
178 300 1.0
178 301 0.5
178 302 0.5
178 305 3.5
178 306 18.0
178 307 0.5
178 308 3.0
179 182 0.5
179 186 0.5
179 201 0.5
179 204 1.0
179 213 0.5
179 222 1.0
179 228 0.5
179 262 2.0
179 278 0.5
179 282 0.5
179 300 1.5
179 305 0.5
179 306 3.0
180 182 2.0
180 183 0.5
180 186 2.0
180 188 0.5
180 200 0.5
180 203 0.5
180 204 3.5
180 205 1.0
180 214 0.5
180 218 0.5
180 234 0.5
180 235 0.5
180 237 1.0
180 240 0.5
180 247 0.5
180 257 1.0
180 262 13.0
180 276 1.0
180 278 0.5
180 282 0.5
180 287 2.0
180 288 1.5
180 290 3.5
180 291 0.5
180 295 0.5
180 298 0.5
180 299 0.5
180 304 0.5
180 306 3.5
180 309 0.5
181 196 1.0
181 216 0.5
181 223 0.5
181 237 0.5
181 262 0.5
181 295 0.5
181 296 0.5
181 306 0.5
182 183 2.5
182 184 7.5
182 186 2.0
182 187 1.0
182 194 0.5
182 195 2.0
182 198 0.5
182 199 1.0
182 200 1.5
182 201 1.0
182 203 0.5
182 204 4.0
182 205 0.5
182 208 2.5
182 213 1.0
182 214 1.0
182 215 0.5
182 216 0.5
182 218 1.5
182 226 1.0
182 230 0.5
182 231 0.5
182 236 2.5
182 237 0.5
182 238 0.5
182 240 0.5
182 247 2.0
182 262 25.0
182 263 0.5
182 266 0.5
182 270 0.5
182 278 1.5
182 282 0.5
182 287 1.0
182 288 0.5
182 290 2.0
182 296 0.5
182 297 0.5
182 302 3.0
182 305 0.5
182 306 8.0
182 308 0.5
183 186 1.0
183 191 0.5
183 199 1.0
183 200 3.5
183 201 0.5
183 207 0.5
183 208 1.0
183 212 0.5
183 214 0.5
183 216 0.5
183 218 1.5
183 222 0.5
183 226 0.5
183 231 0.5
183 236 1.0
183 237 0.5
183 247 8.0
183 262 2.5
183 263 0.5
183 266 2.5
183 267 0.5
183 278 2.5
183 282 1.5
183 287 0.5
183 290 1.5
183 292 0.5
183 296 2.0
183 302 1.5
183 306 5.5
183 308 3.5
184 186 0.5
184 187 0.5
184 195 0.5
184 197 0.5
184 198 1.0
184 200 0.5
184 204 3.0
184 205 1.0
184 214 0.5
184 230 1.0
184 237 0.5
184 238 0.5
184 262 4.0
184 270 0.5
184 278 0.5
184 287 2.5
184 288 0.5
184 290 0.5
184 297 0.5
184 301 1.5
184 306 2.0
184 308 0.5
185 306 0.5
186 187 0.5
186 189 0.5
186 195 1.0
186 199 0.5
186 200 2.0
186 201 1.5
186 204 4.0
186 205 7.5
186 212 1.5
186 214 1.0
186 218 0.5
186 222 5.5
186 225 1.0
186 231 7.5
186 232 0.5
186 234 0.5
186 237 1.0
186 240 0.5
186 242 0.5
186 243 0.5
186 247 0.5
186 254 0.5
186 257 2.0
186 262 45.5
186 265 0.5
186 267 0.5
186 268 0.5
186 269 0.5
186 270 4.5
186 272 0.5
186 275 7.5
186 276 0.5
186 278 1.0
186 282 0.5
186 286 0.5
186 287 4.0
186 288 2.0
186 289 0.5
186 290 9.5
186 295 0.5
186 296 2.0
186 297 0.5
186 298 0.5
186 300 0.5
186 302 1.5
186 306 17.5
186 307 1.0
186 308 1.0
187 199 5.0
187 204 0.5
187 262 4.5
187 278 0.5
187 306 0.5
188 205 0.5
189 225 0.5
189 237 2.0
189 262 0.5
189 268 0.5
189 270 1.0
189 290 0.5
191 192 1.0
191 199 0.5
191 200 0.5
191 201 0.5
191 204 0.5
191 230 0.5
191 247 0.5
191 262 0.5
191 278 4.0
191 300 1.0
191 306 6.0
191 310 0.5
192 215 1.0
192 230 0.5
192 234 1.0
192 239 0.5
192 240 0.5
192 252 2.0
192 262 3.0
192 267 0.5
192 270 2.0
192 278 1.5
192 281 1.0
192 282 1.0
192 286 1.0
192 288 1.5
192 300 0.5
192 304 2.5
192 306 5.0
192 310 0.5
193 204 0.5
193 231 0.5
193 262 1.5
193 287 0.5
193 306 0.5
194 204 1.0
194 262 0.5
194 287 0.5
194 297 0.5
194 300 0.5
194 306 1.0
195 199 0.5
195 202 0.5
195 204 8.0
195 205 0.5
195 206 0.5
195 210 0.5
195 212 1.5
195 213 0.5
195 214 0.5
195 215 1.0
195 222 1.0
195 225 0.5
195 230 0.5
195 231 0.5
195 234 0.5
195 238 0.5
195 245 0.5
195 262 15.0
195 267 1.0
195 270 1.0
195 274 0.5
195 277 0.5
195 285 0.5
195 287 2.0
195 288 1.0
195 290 0.5
195 296 0.5
195 299 0.5
195 300 1.0
195 304 1.5
195 306 7.5
195 308 1.5
196 212 0.5
196 216 0.5
196 223 0.5
196 224 0.5
196 231 0.5
196 236 0.5
196 237 0.5
196 262 1.0
196 282 0.5
196 287 0.5
196 295 0.5
196 296 0.5
196 306 1.5
197 204 1.0
197 205 1.0
197 212 0.5
197 237 0.5
197 262 4.0
197 287 1.0
197 301 0.5
197 304 1.0
197 306 1.0
198 287 0.5
199 200 1.0
199 204 2.5
199 205 0.5
199 212 1.0
199 214 0.5
199 222 0.5
199 225 6.0
199 239 0.5
199 247 0.5
199 257 0.5
199 262 11.0
199 270 7.0
199 277 1.0
199 278 1.5
199 287 2.5
199 290 1.5
199 296 2.0
199 297 1.5
199 299 0.5
199 300 1.0
199 302 0.5
199 304 0.5
199 306 3.0
200 201 1.0
200 204 1.5
200 205 0.5
200 212 0.5
200 218 1.5
200 222 0.5
200 237 0.5
200 247 2.5
200 262 7.0
200 265 0.5
200 267 0.5
200 270 1.5
200 278 2.0
200 287 1.5
200 288 0.5
200 290 1.0
200 296 1.5
200 300 1.0
200 302 0.5
200 306 5.5
200 308 2.5
201 212 0.5
201 213 0.5
201 216 0.5
201 222 0.5
201 231 0.5
201 237 0.5
201 242 0.5
201 262 3.5
201 270 1.0
201 278 1.0
201 282 0.5
201 284 0.5
201 287 0.5
201 289 1.0
201 294 1.0
201 300 1.0
201 302 0.5
201 306 3.5
201 307 0.5
201 308 0.5
202 218 0.5
202 267 0.5
202 270 0.5
202 306 0.5
202 308 0.5
203 205 0.5
203 262 2.0
203 290 0.5
204 205 11.5
204 206 1.5
204 208 0.5
204 209 1.0
204 212 1.0
204 215 1.0
204 218 3.0
204 222 6.0
204 224 0.5
204 225 1.0
204 228 2.0
204 230 2.5
204 231 0.5
204 236 1.0
204 237 1.5
204 238 1.5
204 239 0.5
204 243 1.0
204 248 0.5
204 250 0.5
204 255 0.5
204 257 1.5
204 262 41.5
204 265 0.5
204 267 2.0
204 268 0.5
204 270 4.0
204 273 1.5
204 274 0.5
204 275 2.5
204 276 1.0
204 277 3.0
204 278 1.5
204 287 15.5
204 288 4.5
204 289 0.5
204 290 5.0
204 291 1.5
204 293 0.5
204 295 0.5
204 296 4.5
204 297 6.0
204 300 1.5
204 301 1.5
204 302 2.0
204 305 1.5
204 306 27.5
204 307 1.5
204 308 7.0
204 309 0.5
205 208 0.5
205 212 0.5
205 215 0.5
205 218 0.5
205 222 9.0
205 224 0.5
205 225 0.5
205 228 0.5
205 236 0.5
205 241 0.5
205 252 0.5
205 253 0.5
205 256 0.5
205 258 0.5
205 259 0.5
205 262 24.0
205 265 0.5
205 268 0.5
205 270 3.5
205 275 1.5
205 276 0.5
205 277 0.5
205 278 0.5
205 282 0.5
205 287 13.5
205 288 0.5
205 289 0.5
205 290 0.5
205 295 0.5
205 296 1.0
205 297 2.5
205 299 0.5
205 300 0.5
205 301 0.5
205 302 0.5
205 304 0.5
205 306 6.0
205 308 0.5
205 309 0.5
206 262 0.5
206 287 0.5
206 306 1.5
207 218 0.5
207 247 0.5
207 306 0.5
208 213 0.5
208 216 0.5
208 236 6.5
208 247 1.0
208 262 1.5
208 266 0.5
208 302 6.5
208 306 0.5
208 308 0.5
209 236 1.0
209 262 3.5
209 273 0.5
209 276 1.0
209 278 0.5
209 279 0.5
209 281 0.5
209 287 1.0
209 290 1.0
209 304 0.5
209 306 1.0
210 262 2.0
210 298 0.5
211 248 0.5
211 250 0.5
211 262 9.5
211 295 0.5
211 302 1.5
211 306 0.5
212 214 0.5
212 218 0.5
212 222 1.5
212 225 1.0
212 230 0.5
212 236 0.5
212 241 0.5
212 242 1.0
212 243 0.5
212 247 0.5
212 257 1.5
212 262 12.5
212 267 0.5
212 270 1.0
212 274 1.0
212 275 5.0
212 277 2.0
212 278 0.5
212 284 0.5
212 287 2.0
212 288 0.5
212 290 0.5
212 296 0.5
212 297 2.5
212 298 1.0
212 302 0.5
212 306 10.0
212 308 2.5
213 236 0.5
213 244 0.5
213 247 0.5
213 260 0.5
213 262 5.0
213 270 3.5
213 278 0.5
213 282 0.5
213 286 0.5
213 287 0.5
213 288 0.5
213 302 0.5
213 304 0.5
213 306 2.0
214 217 0.5
214 218 0.5
214 222 0.5
214 231 0.5
214 243 0.5
214 247 0.5
214 262 5.5
214 263 0.5
214 267 0.5
214 270 0.5
214 282 0.5
214 285 0.5
214 287 1.0
214 288 1.0
214 290 0.5
214 297 6.0
214 300 0.5
214 304 0.5
214 306 3.5
214 308 1.0
214 310 0.5
215 222 0.5
215 228 0.5
215 231 1.0
215 234 1.0
215 237 1.0
215 248 0.5
215 249 0.5
215 250 0.5
215 252 1.0
215 262 4.5
215 264 0.5
215 270 1.0
215 277 0.5
215 278 0.5
215 287 0.5
215 296 0.5
215 297 0.5
215 302 0.5
215 303 0.5
215 304 1.5
215 306 2.0
215 308 0.5
216 236 0.5
216 237 3.5
216 243 0.5
216 247 0.5
216 262 2.5
216 267 0.5
216 268 1.0
216 282 0.5
216 299 0.5
216 302 0.5
216 306 0.5
217 224 0.5
217 234 0.5
217 262 1.0
217 288 0.5
217 305 0.5
217 306 1.5
217 308 0.5
217 310 0.5
218 222 0.5
218 243 0.5
218 247 1.0
218 262 3.5
218 263 0.5
218 270 1.0
218 273 0.5
218 276 0.5
218 277 1.0
218 282 0.5
218 287 0.5
218 289 0.5
218 290 0.5
218 296 0.5
218 306 11.0
218 308 0.5
219 262 0.5
219 282 0.5
219 306 0.5
220 304 0.5
222 224 0.5
222 230 0.5
222 231 0.5
222 262 14.0
222 267 0.5
222 274 0.5
222 277 0.5
222 278 0.5
222 287 2.5
222 290 0.5
222 297 1.0
222 298 1.0
222 305 1.0
222 306 10.0
222 308 4.0
223 262 0.5
223 295 0.5
223 296 0.5
224 231 0.5
224 262 2.0
224 265 0.5
224 287 0.5
224 306 0.5
225 237 0.5
225 262 2.0
225 270 21.0
225 287 1.0
225 304 0.5
225 306 2.0
225 308 0.5
226 247 0.5
226 278 0.5
227 302 1.0
228 236 0.5
228 262 2.0
228 277 0.5
228 288 0.5
229 306 0.5
229 308 0.5
230 238 0.5
230 239 0.5
230 240 0.5
230 262 3.5
230 267 0.5
230 270 0.5
230 277 1.0
230 278 1.0
230 287 1.5
230 288 1.0
230 304 1.0
230 305 1.0
230 306 2.5
230 308 0.5
231 234 1.0
231 247 0.5
231 262 10.0
231 278 0.5
231 282 0.5
231 287 1.5
231 289 0.5
231 290 0.5
231 296 0.5
231 299 0.5
231 300 0.5
231 302 2.0
231 306 2.0
232 240 0.5
232 262 1.0
232 272 0.5
232 296 1.0
232 302 0.5
233 297 0.5
233 306 1.0
234 252 1.0
234 256 0.5
234 262 3.0
234 270 1.0
234 278 1.0
234 286 0.5
234 287 1.5
234 288 4.0
234 302 0.5
234 304 2.0
234 306 2.5
234 308 0.5
235 270 0.5
236 243 0.5
236 247 1.0
236 257 0.5
236 262 3.5
236 266 0.5
236 279 0.5
236 281 0.5
236 287 0.5
236 290 0.5
236 302 6.5
236 306 2.0
236 308 0.5
237 262 7.0
237 268 0.5
237 270 1.0
237 276 1.0
237 287 1.0
237 290 1.5
237 297 0.5
237 301 0.5
237 306 4.0
237 308 0.5
238 300 0.5
238 301 0.5
238 306 1.5
238 308 0.5
239 240 0.5
239 262 0.5
239 267 0.5
239 270 0.5
239 278 0.5
239 288 0.5
239 296 0.5
239 300 0.5
239 306 1.0
239 308 0.5
240 262 1.0
240 267 0.5
240 270 0.5
240 288 1.0
240 295 0.5
241 262 3.5
241 296 0.5
241 297 1.5
241 305 0.5
241 306 1.5
242 262 2.0
242 289 0.5
242 300 0.5
242 306 0.5
243 262 20.0
243 277 0.5
243 280 0.5
243 290 0.5
243 297 1.0
243 299 0.5
243 302 0.5
243 306 1.0
243 308 0.5
244 262 0.5
244 306 0.5
245 262 0.5
246 277 0.5
246 305 0.5
246 306 0.5
247 262 2.5
247 266 2.5
247 267 0.5
247 270 0.5
247 278 1.5
247 282 1.0
247 285 0.5
247 287 0.5
247 290 1.5
247 296 1.5
247 302 1.0
247 306 2.5
247 308 2.5
248 250 2.0
248 262 1.5
248 288 0.5
248 306 2.0
249 287 0.5
250 262 1.5
250 288 0.5
250 306 2.0
251 287 0.5
252 262 2.0
252 270 1.0
252 278 1.0
252 304 2.0
252 306 2.5
253 270 1.0
254 290 0.5
255 262 3.5
255 287 0.5
255 293 3.0
255 300 0.5
255 306 1.0
255 308 0.5
256 282 0.5
256 288 0.5
256 290 0.5
256 300 1.0
256 302 1.0
256 306 1.0
256 308 0.5
257 262 4.0
257 275 1.5
257 306 3.5
258 259 0.5
258 262 1.5
258 270 0.5
258 289 0.5
259 270 0.5
260 270 0.5
262 265 2.0
262 266 1.0
262 267 2.0
262 268 1.5
262 270 27.5
262 273 1.0
262 274 0.5
262 275 12.0
262 276 5.5
262 277 7.0
262 278 8.5
262 280 0.5
262 281 0.5
262 282 8.0
262 285 1.0
262 286 3.0
262 287 51.5
262 288 7.5
262 289 3.5
262 290 18.0
262 291 0.5
262 292 0.5
262 293 4.0
262 295 1.5
262 296 8.5
262 297 4.5
262 298 4.0
262 299 1.5
262 300 5.0
262 301 1.5
262 302 7.5
262 304 7.5
262 305 4.0
262 306 92.0
262 307 2.5
262 308 14.0
262 309 0.5
263 282 0.5
263 306 0.5
264 302 0.5
264 303 0.5
266 290 0.5
266 296 1.0
266 302 0.5
266 306 0.5
266 308 2.5
267 270 0.5
267 273 0.5
267 274 0.5
267 282 0.5
267 287 1.0
267 288 0.5
267 297 0.5
267 304 0.5
267 306 3.0
267 308 1.5
268 270 1.0
268 290 1.5
268 296 1.0
268 306 1.0
269 278 0.5
269 287 0.5
270 278 1.5
270 281 0.5
270 282 1.5
270 286 1.5
270 287 5.5
270 288 1.5
270 290 10.0
270 296 11.5
270 297 0.5
270 302 1.0
270 304 2.5
270 305 1.5
270 306 8.5
270 308 1.5
273 287 1.0
273 288 0.5
273 290 0.5
273 304 0.5
273 306 2.5
274 306 1.0
274 308 1.0
275 290 0.5
275 302 0.5
275 306 4.0
276 282 0.5
276 287 1.0
276 290 0.5
276 296 0.5
276 306 8.0
277 278 0.5
277 287 1.5
277 288 0.5
277 296 0.5
277 297 0.5
277 302 1.5
277 305 0.5
277 306 5.5
277 307 1.0
277 308 2.0
278 282 1.0
278 286 0.5
278 287 2.5
278 289 0.5
278 296 0.5
278 297 1.5
278 298 0.5
278 300 0.5
278 301 0.5
278 304 1.5
278 306 11.5
278 308 2.0
278 309 1.0
278 310 0.5
279 281 1.5
279 306 0.5
281 282 0.5
281 286 0.5
281 287 0.5
281 288 1.5
281 306 2.5
282 286 5.5
282 287 1.5
282 288 0.5
282 290 1.5
282 295 0.5
282 296 0.5
282 298 0.5
282 300 0.5
282 304 0.5
282 305 0.5
282 306 10.0
282 307 1.5
282 308 0.5
282 309 0.5
284 287 0.5
284 306 0.5
284 308 0.5
286 287 0.5
286 288 1.0
286 290 0.5
286 296 0.5
286 304 0.5
286 305 0.5
286 306 6.0
286 307 0.5
287 288 4.0
287 289 1.5
287 290 3.5
287 293 0.5
287 295 1.0
287 296 2.0
287 297 3.0
287 300 2.0
287 301 0.5
287 302 2.5
287 304 0.5
287 306 16.5
287 307 0.5
287 308 8.0
287 309 1.0
288 290 0.5
288 295 0.5
288 300 1.5
288 306 5.5
288 308 1.0
289 290 0.5
289 306 1.0
290 291 0.5
290 296 14.0
290 297 0.5
290 300 0.5
290 302 0.5
290 304 0.5
290 306 9.5
290 308 1.0
291 306 1.5
292 306 0.5
293 298 0.5
293 299 0.5
293 300 0.5
293 306 1.0
293 308 0.5
294 306 0.5
295 296 0.5
295 306 0.5
295 309 0.5
296 298 0.5
296 300 0.5
296 302 1.5
296 306 8.0
296 308 1.5
297 298 0.5
297 300 2.0
297 304 0.5
297 306 4.0
297 309 0.5
298 299 0.5
298 305 0.5
298 306 2.0
298 307 0.5
300 305 0.5
300 306 5.0
300 308 1.0
302 303 0.5
302 306 2.5
302 308 2.0
302 309 0.5
304 306 5.0
305 306 2.5
305 308 1.0
306 307 3.0
306 308 24.5
306 310 1.0
308 310 0.5
